"Gender" "Length" "Diameter" "Height" "Weight" "Shucked" "Viscera" "Shell"
"2411" "F" 0.505 0.375 0.115 0.5895 0.2635 0.12 0.167
"472" "F" 0.515 0.405 0.12 0.646 0.2895 0.1405 0.177
"1251" "M" 0.4 0.29 0.1 0.2675 0.1205 0.0605 0.0765
"3337" "F" 0.45 0.35 0.125 0.4435 0.185 0.09 0.145
"3663" "M" 0.55 0.45 0.14 0.753 0.3445 0.1325 0.24
"3019" "M" 0.44 0.32 0.105 0.3875 0.1755 0.074 0.12
"1186" "F" 0.67 0.505 0.205 1.3645 0.6075 0.3025 0.353
"3919" "F" 0.645 0.49 0.19 1.3065 0.479 0.3565 0.345
"3244" "F" 0.655 0.51 0.16 1.092 0.396 0.2825 0.37
"1624" "F" 0.565 0.44 0.15 0.863 0.435 0.149 0.27
"2834" "F" 0.54 0.415 0.15 0.8115 0.3875 0.1875 0.2035
"1635" "F" 0.575 0.47 0.155 1.116 0.509 0.238 0.34
"3783" "F" 0.62 0.5 0.175 1.107 0.4895 0.24 0.343
"3626" "F" 0.67 0.525 0.195 1.42 0.573 0.368 0.3905
"1275" "M" 0.475 0.36 0.11 0.492 0.211 0.11 0.15
"431" "F" 0.57 0.45 0.175 0.9555 0.38 0.1665 0.295
"1549" "M" 0.385 0.29 0.09 0.2365 0.1 0.0505 0.076
"3565" "M" 0.575 0.44 0.125 0.8515 0.4555 0.1715 0.1965
"1831" "M" 0.365 0.275 0.085 0.223 0.098 0.0375 0.075
"1109" "M" 0.515 0.385 0.125 0.6115 0.3175 0.1265 0.15
"2319" "F" 0.505 0.385 0.135 0.6185 0.251 0.1175 0.2
"2588" "F" 0.57 0.445 0.15 0.995 0.504 0.185 0.2505
"4004" "M" 0.51 0.39 0.125 0.597 0.293 0.1265 0.1555
"1855" "M" 0.495 0.375 0.14 0.494 0.181 0.0975 0.191
"898" "M" 0.265 0.195 0.06 0.092 0.0345 0.025 0.0245
"3677" "F" 0.6 0.5 0.16 1.122 0.5095 0.256 0.309
"907" "M" 0.325 0.24 0.075 0.187 0.0825 0.0445 0.05
"3054" "F" 0.6 0.45 0.14 0.869 0.3425 0.195 0.291
"277" "F" 0.66 0.53 0.185 1.3485 0.493 0.245 0.49
"643" "F" 0.59 0.45 0.16 0.9 0.358 0.156 0.315
"474" "F" 0.52 0.405 0.12 0.627 0.2645 0.1415 0.181
"3230" "F" 0.64 0.505 0.19 1.2765 0.4835 0.328 0.4
"90" "F" 0.575 0.45 0.16 0.9775 0.3135 0.231 0.33
"2217" "M" 0.33 0.26 0.08 0.19 0.0765 0.0385 0.065
"3577" "F" 0.6 0.475 0.155 1.059 0.441 0.19 0.39
"2853" "F" 0.645 0.49 0.16 1.1665 0.4935 0.3155 0.299
"1171" "F" 0.625 0.485 0.175 1.3745 0.7335 0.2715 0.332
"1067" "M" 0.32 0.225 0.085 0.1415 0.0675 0.0295 0.0405
"4024" "M" 0.275 0.2 0.07 0.096 0.037 0.0225 0.03
"4040" "M" 0.56 0.44 0.155 0.811 0.3685 0.178 0.235
"94" "F" 0.625 0.495 0.165 1.262 0.507 0.318 0.39
"3534" "M" 0.4 0.31 0.115 0.314 0.1545 0.0595 0.087
"1694" "M" 0.625 0.485 0.15 1.044 0.438 0.2865 0.278
"1511" "F" 0.65 0.545 0.175 1.5245 0.59 0.326 0.495
"471" "F" 0.53 0.44 0.135 0.7835 0.313 0.1715 0.2185
"1618" "M" 0.555 0.435 0.14 0.765 0.3945 0.15 0.206
"3706" "F" 0.67 0.54 0.2 1.46 0.6435 0.328 0.4165
"1541" "M" 0.36 0.27 0.095 0.2 0.073 0.056 0.061
"1880" "M" 0.545 0.43 0.14 0.687 0.2615 0.1405 0.25
"1331" "F" 0.57 0.46 0.135 0.9795 0.397 0.2525 0.2655
"3037" "M" 0.55 0.445 0.145 0.783 0.3045 0.157 0.265
"2494" "M" 0.42 0.31 0.1 0.2865 0.115 0.0735 0.085
"2160" "F" 0.64 0.51 0.2 1.3905 0.61 0.3315 0.41
"76" "F" 0.6 0.475 0.15 1.0075 0.4425 0.221 0.28
"371" "F" 0.65 0.545 0.165 1.566 0.6645 0.3455 0.415
"4022" "F" 0.69 0.58 0.195 1.658 0.708 0.3615 0.4715
"11" "F" 0.525 0.38 0.14 0.6065 0.194 0.1475 0.21
"1590" "M" 0.52 0.41 0.145 0.646 0.2965 0.1595 0.165
"2515" "M" 0.47 0.37 0.11 0.5555 0.25 0.115 0.163
"235" "M" 0.44 0.35 0.135 0.435 0.1815 0.083 0.125
"1240" "M" 0.375 0.27 0.085 0.218 0.0945 0.039 0.07
"1043" "F" 0.675 0.565 0.195 1.8375 0.7645 0.3615 0.553
"6" "M" 0.425 0.3 0.095 0.3515 0.141 0.0775 0.12
"3975" "M" 0.42 0.32 0.115 0.409 0.2055 0.0935 0.105
"1998" "M" 0.335 0.25 0.08 0.1695 0.0695 0.044 0.0495
"1579" "M" 0.495 0.37 0.125 0.4715 0.2075 0.091 0.15
"1828" "M" 0.34 0.26 0.085 0.1885 0.0815 0.0335 0.06
"3969" "M" 0.375 0.29 0.095 0.2875 0.123 0.0605 0.08
"3262" "F" 0.645 0.52 0.19 1.3105 0.58 0.288 0.37
"1603" "M" 0.54 0.425 0.14 0.742 0.32 0.1395 0.25
"2179" "F" 0.595 0.48 0.2 0.975 0.358 0.2035 0.34
"1320" "M" 0.555 0.425 0.145 0.7905 0.3485 0.1765 0.225
"2984" "F" 0.525 0.41 0.135 0.7905 0.4065 0.198 0.177
"681" "M" 0.37 0.275 0.1 0.2295 0.0885 0.0465 0.07
"3851" "F" 0.375 0.295 0.11 0.3005 0.1255 0.0575 0.1035
"3111" "M" 0.395 0.3 0.12 0.2995 0.1265 0.068 0.0895
"2647" "M" 0.495 0.38 0.12 0.512 0.233 0.1205 0.136
"2119" "F" 0.48 0.38 0.12 0.608 0.2705 0.1405 0.185
"283" "F" 0.455 0.355 0.12 0.4495 0.177 0.104 0.15
"4030" "M" 0.435 0.335 0.11 0.334 0.1355 0.0775 0.0965
"1459" "M" 0.48 0.36 0.125 0.542 0.2795 0.1025 0.147
"2542" "F" 0.69 0.55 0.18 1.659 0.8715 0.2655 0.4395
"1876" "F" 0.54 0.425 0.16 0.9455 0.3675 0.2005 0.295
"3479" "M" 0.435 0.335 0.11 0.411 0.2025 0.0945 0.1
"3349" "M" 0.49 0.385 0.115 0.683 0.3265 0.1615 0.165
"4125" "M" 0.5 0.385 0.12 0.516 0.197 0.1305 0.165
"1673" "F" 0.61 0.475 0.16 1.1155 0.3835 0.223 0.379
"3145" "F" 0.625 0.48 0.2 1.3235 0.6075 0.3055 0.355
"1756" "F" 0.72 0.525 0.18 1.445 0.631 0.3215 0.435
"1545" "M" 0.37 0.27 0.095 0.2175 0.097 0.046 0.065
"1385" "F" 0.63 0.485 0.17 1.3205 0.5945 0.345 0.345
"875" "F" 0.625 0.49 0.2 1.3825 0.5895 0.285 0.381
"3375" "F" 0.475 0.375 0.125 0.588 0.237 0.1715 0.155
"1118" "M" 0.53 0.4 0.125 0.617 0.279 0.127 0.19
"967" "M" 0.51 0.375 0.1 0.5785 0.238 0.1225 0.175
"1074" "M" 0.405 0.3 0.11 0.32 0.172 0.044 0.093
"2900" "M" 0.55 0.425 0.13 0.664 0.2695 0.163 0.21
"1261" "M" 0.44 0.34 0.12 0.438 0.2115 0.083 0.12
"1326" "F" 0.565 0.45 0.145 0.8495 0.4215 0.1685 0.225
"1092" "M" 0.45 0.33 0.11 0.3685 0.16 0.0885 0.102
"2716" "M" 0.335 0.25 0.08 0.167 0.0675 0.0325 0.0575
"2423" "F" 0.475 0.365 0.13 0.4805 0.1905 0.114 0.1475
"2821" "M" 0.375 0.285 0.09 0.2545 0.119 0.0595 0.0675
"3475" "M" 0.355 0.265 0.085 0.2435 0.122 0.0525 0.06
"3186" "F" 0.59 0.415 0.15 0.8805 0.3645 0.234 0.235
"1580" "M" 0.495 0.4 0.105 0.602 0.2505 0.1265 0.19
"1037" "F" 0.66 0.505 0.185 1.528 0.69 0.3025 0.441
"1490" "F" 0.605 0.485 0.165 0.9515 0.4535 0.193 0.2765
"1739" "F" 0.67 0.54 0.195 1.619 0.74 0.3305 0.465
"3595" "F" 0.66 0.5 0.155 1.3765 0.6485 0.288 0.335
"4173" "F" 0.565 0.45 0.165 0.887 0.37 0.239 0.249
"558" "F" 0.66 0.5 0.165 1.1905 0.4585 0.298 0.37
"22" "M" 0.38 0.275 0.1 0.2255 0.08 0.049 0.085
"296" "M" 0.295 0.215 0.085 0.128 0.049 0.034 0.04
"3158" "F" 0.43 0.35 0.09 0.397 0.1575 0.089 0.12
"3892" "F" 0.56 0.46 0.18 0.97 0.342 0.196 0.355
"1242" "M" 0.38 0.27 0.08 0.2105 0.0865 0.042 0.07
"330" "M" 0.36 0.28 0.09 0.2255 0.0885 0.04 0.09
"2517" "M" 0.475 0.365 0.12 0.53 0.2505 0.0975 0.1625
"305" "F" 0.47 0.36 0.13 0.472 0.182 0.114 0.15
"890" "F" 0.685 0.54 0.16 1.6675 0.833 0.3775 0.475
"176" "M" 0.36 0.26 0.09 0.1785 0.0645 0.037 0.075
"2755" "M" 0.525 0.385 0.13 0.607 0.2355 0.125 0.195
"340" "F" 0.565 0.45 0.195 1.0035 0.406 0.2505 0.285
"1048" "F" 0.705 0.535 0.18 1.685 0.693 0.42 0.4045
"2748" "M" 0.49 0.365 0.125 0.5585 0.252 0.126 0.1615
"1250" "M" 0.395 0.27 0.1 0.2985 0.1445 0.061 0.082
"3792" "F" 0.65 0.495 0.175 1.227 0.528 0.258 0.37
"2942" "F" 0.63 0.48 0.165 1.2615 0.5505 0.277 0.3885
"3431" "M" 0.325 0.24 0.075 0.152 0.065 0.0305 0.045
"626" "F" 0.525 0.405 0.16 0.658 0.2655 0.1125 0.225
"3039" "M" 0.565 0.44 0.135 0.768 0.3305 0.1385 0.2475
"1967" "F" 0.665 0.5 0.15 1.2475 0.4625 0.2955 0.3595
"3958" "F" 0.555 0.44 0.155 1.016 0.4935 0.1855 0.263
"1487" "F" 0.595 0.455 0.16 1.04 0.452 0.2655 0.288
"4037" "M" 0.54 0.42 0.14 0.74 0.3595 0.159 0.1985
"380" "F" 0.61 0.495 0.185 1.1085 0.3705 0.3135 0.33
"2571" "M" 0.465 0.355 0.11 0.474 0.23 0.1005 0.12
"3864" "F" 0.655 0.5 0.18 1.4155 0.508 0.314 0.445
"3453" "F" 0.555 0.44 0.145 0.8815 0.43 0.1975 0.2155
"2697" "F" 0.65 0.49 0.155 1.122 0.545 0.228 0.3055
"1266" "M" 0.46 0.36 0.105 0.466 0.2225 0.099 0.11
"815" "M" 0.315 0.24 0.085 0.1715 0.071 0.0345 0.0535
"2728" "M" 0.405 0.305 0.1 0.271 0.0965 0.061 0.091
"211" "F" 0.49 0.365 0.145 0.6345 0.1995 0.1625 0.22
"3531" "M" 0.36 0.265 0.09 0.2055 0.096 0.037 0.0585
"742" "F" 0.36 0.265 0.09 0.2065 0.078 0.057 0.06
"424" "M" 0.29 0.225 0.07 0.101 0.036 0.0235 0.035
"2237" "F" 0.56 0.435 0.185 1.106 0.422 0.2435 0.33
"2419" "F" 0.465 0.35 0.13 0.494 0.1945 0.103 0.155
"1587" "M" 0.515 0.35 0.105 0.4745 0.213 0.123 0.1275
"4042" "M" 0.575 0.45 0.15 0.858 0.449 0.166 0.215
"2820" "M" 0.375 0.265 0.095 0.196 0.085 0.042 0.0585
"1040" "F" 0.66 0.475 0.18 1.3695 0.641 0.294 0.335
"1867" "M" 0.52 0.385 0.115 0.581 0.2555 0.156 0.143
"1204" "F" 0.73 0.575 0.185 1.8795 0.931 0.38 0.4825
"3353" "F" 0.52 0.405 0.145 0.829 0.3535 0.1685 0.205
"3303" "F" 0.71 0.575 0.175 1.555 0.6465 0.3705 0.52
"3245" "F" 0.69 0.555 0.205 1.8165 0.7785 0.4395 0.515
"1445" "M" 0.425 0.34 0.105 0.389 0.2015 0.0905 0.088
"1941" "F" 0.625 0.52 0.18 1.354 0.4845 0.351 0.375
"3079" "F" 0.695 0.535 0.2 1.5855 0.667 0.334 0.471
"2570" "M" 0.46 0.345 0.115 0.4215 0.1895 0.102 0.111
"3320" "F" 0.705 0.555 0.2 1.4685 0.4715 0.3235 0.52
"3439" "M" 0.43 0.335 0.105 0.378 0.188 0.0785 0.09
"2177" "F" 0.57 0.45 0.17 1.098 0.414 0.187 0.405
"2005" "M" 0.375 0.275 0.085 0.22 0.109 0.05 0.0605
"2879" "F" 0.465 0.35 0.11 0.4085 0.165 0.102 0.131
"3753" "M" 0.475 0.355 0.135 0.4775 0.2145 0.09 0.1435
"2001" "M" 0.355 0.27 0.105 0.271 0.1425 0.0525 0.0735
"1182" "F" 0.655 0.51 0.175 1.415 0.5885 0.3725 0.364
"3346" "F" 0.48 0.38 0.145 0.59 0.232 0.141 0.23
"2718" "M" 0.345 0.255 0.095 0.183 0.075 0.0385 0.06
"2460" "F" 0.585 0.47 0.17 1.099 0.3975 0.2325 0.358
"617" "F" 0.47 0.355 0.14 0.433 0.1525 0.095 0.152
"2861" "F" 0.72 0.55 0.18 1.52 0.637 0.325 0.435
"1535" "M" 0.3 0.23 0.085 0.117 0.05 0.0175 0.0415
"270" "F" 0.45 0.36 0.125 0.4995 0.2035 0.1 0.17
"3023" "M" 0.46 0.37 0.11 0.3965 0.1485 0.0855 0.1455
"2072" "F" 0.565 0.44 0.135 0.83 0.393 0.1735 0.238
"3291" "F" 0.51 0.395 0.12 0.6175 0.262 0.122 0.193
"2201" "F" 0.65 0.515 0.195 1.4005 0.5195 0.36 0.44
"3894" "M" 0.435 0.355 0.125 0.4075 0.1535 0.074 0.165
"2286" "M" 0.42 0.33 0.1 0.352 0.1635 0.089 0.1
"2726" "M" 0.395 0.32 0.1 0.3075 0.149 0.0535 0.09
"2225" "F" 0.55 0.425 0.145 0.797 0.297 0.15 0.265
"1227" "M" 0.35 0.27 0.075 0.215 0.1 0.036 0.065
"1921" "F" 0.605 0.455 0.145 0.862 0.334 0.1985 0.3
"3324" "F" 0.395 0.3 0.105 0.3375 0.1435 0.0755 0.098
"1085" "M" 0.445 0.345 0.105 0.409 0.1675 0.1015 0.117
"1277" "M" 0.48 0.355 0.115 0.4725 0.2065 0.112 0.132
"3747" "M" 0.36 0.265 0.085 0.1865 0.0675 0.037 0.0615
"3031" "M" 0.52 0.395 0.115 0.6445 0.3155 0.1245 0.186
"2333" "F" 0.515 0.42 0.135 0.6295 0.2815 0.127 0.215
"836" "M" 0.45 0.35 0.13 0.547 0.245 0.1405 0.1405
"2960" "F" 0.66 0.525 0.16 1.277 0.4975 0.319 0.394
"152" "F" 0.605 0.5 0.185 1.1185 0.469 0.2585 0.335
"2978" "M" 0.43 0.33 0.1 0.449 0.254 0.0825 0.097
"135" "M" 0.265 0.2 0.065 0.0975 0.04 0.0205 0.028
"4067" "M" 0.395 0.31 0.085 0.317 0.153 0.0505 0.0935
"209" "F" 0.525 0.415 0.17 0.8325 0.2755 0.1685 0.31
"2406" "M" 0.655 0.515 0.145 1.25 0.5265 0.283 0.315
"321" "M" 0.265 0.21 0.06 0.0965 0.0425 0.022 0.03
"1680" "F" 0.62 0.515 0.155 1.3255 0.6685 0.2605 0.335
"1071" "M" 0.375 0.275 0.1 0.2325 0.1165 0.042 0.065
"132" "F" 0.44 0.35 0.125 0.4035 0.175 0.063 0.129
"2514" "F" 0.465 0.35 0.135 0.6265 0.259 0.1445 0.175
"2758" "M" 0.525 0.375 0.12 0.6315 0.3045 0.114 0.19
"2512" "M" 0.425 0.31 0.105 0.365 0.159 0.0825 0.105
"229" "F" 0.58 0.465 0.165 1.1015 0.404 0.2095 0.35
"2888" "M" 0.51 0.4 0.145 0.5775 0.231 0.143 0.177
"3657" "M" 0.53 0.395 0.125 0.6235 0.2975 0.108 0.195
"3252" "M" 0.455 0.375 0.125 0.533 0.233 0.106 0.185
"1881" "M" 0.55 0.435 0.14 0.7995 0.295 0.1905 0.238
"564" "F" 0.545 0.415 0.15 0.7335 0.2795 0.163 0.2185
"1866" "M" 0.52 0.38 0.115 0.6645 0.3285 0.17 0.1425
"2901" "F" 0.55 0.435 0.14 0.745 0.347 0.174 0.2265
"999" "F" 0.59 0.455 0.145 1.063 0.5155 0.2445 0.25
"3696" "F" 0.65 0.52 0.195 1.281 0.5985 0.246 0.3825
"1724" "F" 0.655 0.505 0.19 1.3485 0.5935 0.2745 0.425
"3120" "F" 0.525 0.4 0.135 0.714 0.318 0.138 0.208
"1093" "M" 0.46 0.35 0.115 0.4155 0.18 0.098 0.1175
"1809" "F" 0.635 0.475 0.15 1.1845 0.533 0.307 0.291
"3559" "M" 0.55 0.425 0.155 0.8725 0.412 0.187 0.2425
"3755" "M" 0.485 0.37 0.14 0.5065 0.2425 0.088 0.1465
"3649" "M" 0.49 0.39 0.12 0.511 0.2205 0.103 0.1745
"2311" "F" 0.435 0.35 0.11 0.384 0.143 0.1005 0.125
"419" "F" 0.63 0.5 0.155 1.005 0.367 0.199 0.36
"1311" "M" 0.545 0.405 0.135 0.5945 0.27 0.1185 0.185
"1871" "M" 0.53 0.43 0.14 0.677 0.298 0.0965 0.23
"2611" "F" 0.63 0.495 0.145 1.147 0.5455 0.266 0.2885
"2247" "F" 0.38 0.325 0.11 0.3105 0.12 0.074 0.105
"1308" "M" 0.545 0.435 0.135 0.7715 0.372 0.148 0.227
"3715" "F" 0.725 0.56 0.185 1.792 0.873 0.367 0.435
"649" "M" 0.46 0.35 0.12 0.4885 0.193 0.105 0.155
"2284" "M" 0.435 0.345 0.12 0.4475 0.221 0.112 0.125
"1843" "M" 0.435 0.33 0.11 0.38 0.1515 0.0945 0.11
"3011" "M" 0.375 0.26 0.08 0.2075 0.09 0.0415 0.07
"2778" "M" 0.585 0.42 0.145 0.6735 0.2895 0.1345 0.22
"819" "M" 0.35 0.25 0.07 0.18 0.0655 0.048 0.054
"1047" "F" 0.695 0.535 0.175 1.8385 0.8035 0.396 0.503
"1400" "F" 0.65 0.505 0.165 1.16 0.4785 0.274 0.349
"3193" "F" 0.525 0.405 0.115 0.72 0.3105 0.1915 0.2
"1304" "F" 0.535 0.41 0.13 0.7145 0.335 0.144 0.2075
"2307" "F" 0.65 0.5 0.165 1.1445 0.485 0.218 0.365
"2768" "M" 0.56 0.44 0.14 0.825 0.402 0.139 0.245
"2321" "M" 0.4 0.31 0.1 0.2875 0.1145 0.0635 0.095
"3990" "F" 0.67 0.52 0.195 1.8065 0.758 0.3735 0.5055
"2497" "F" 0.52 0.4 0.13 0.6245 0.215 0.2065 0.17
"1704" "F" 0.64 0.505 0.165 1.2235 0.5215 0.2695 0.36
"1888" "M" 0.56 0.445 0.165 0.832 0.3455 0.179 0.279
"3759" "M" 0.525 0.4 0.14 0.6055 0.2605 0.108 0.21
"1978" "F" 0.7 0.575 0.205 1.773 0.605 0.447 0.538
"597" "F" 0.55 0.43 0.14 0.7135 0.2565 0.186 0.225
"4059" "F" 0.695 0.56 0.185 1.7715 0.8195 0.331 0.437
"2009" "M" 0.425 0.315 0.095 0.3675 0.1865 0.0675 0.0985
"3421" "F" 0.595 0.475 0.165 1.148 0.444 0.214 0.37
"814" "M" 0.255 0.185 0.06 0.088 0.0365 0.021 0.023
"386" "F" 0.455 0.37 0.105 0.4925 0.216 0.1245 0.135
"3066" "F" 0.64 0.485 0.145 1.1335 0.5525 0.2505 0.3015
"3888" "F" 0.56 0.44 0.155 0.9705 0.4315 0.263 0.255
"259" "F" 0.635 0.505 0.17 1.415 0.605 0.297 0.365
"1911" "F" 0.58 0.5 0.165 0.925 0.37 0.185 0.3005
"107" "F" 0.545 0.43 0.165 0.802 0.2935 0.183 0.28
"2347" "F" 0.56 0.43 0.125 0.8025 0.313 0.1715 0.263
"2754" "M" 0.515 0.39 0.11 0.531 0.2415 0.098 0.1615
"3742" "F" 0.67 0.525 0.195 1.37 0.6065 0.2955 0.407
"3757" "M" 0.515 0.39 0.12 0.565 0.235 0.135 0.179
"266" "F" 0.46 0.38 0.13 0.639 0.3 0.1525 0.16
"906" "M" 0.32 0.24 0.09 0.1575 0.07 0.0265 0.0425
"3295" "F" 0.63 0.5 0.16 1.22 0.4905 0.3 0.345
"2465" "F" 0.52 0.405 0.14 0.6915 0.276 0.137 0.215
"1826" "M" 0.24 0.18 0.055 0.0555 0.0235 0.013 0.018
"493" "F" 0.655 0.51 0.155 1.2895 0.5345 0.2855 0.41
"1416" "F" 0.695 0.565 0.19 1.7635 0.7465 0.399 0.4975
"3560" "F" 0.565 0.45 0.175 1.2365 0.5305 0.2455 0.308
"2450" "F" 0.37 0.285 0.105 0.27 0.1125 0.0585 0.0835
"861" "F" 0.595 0.475 0.16 1.1405 0.547 0.231 0.271
"1718" "F" 0.65 0.495 0.155 1.337 0.615 0.3195 0.335
"596" "M" 0.575 0.455 0.18 0.8525 0.3015 0.1825 0.3
"944" "M" 0.465 0.345 0.11 0.4415 0.1755 0.0905 0.12
"1028" "F" 0.645 0.505 0.165 1.4325 0.684 0.308 0.336
"4073" "M" 0.5 0.36 0.12 0.439 0.1875 0.1055 0.1305
"3500" "F" 0.595 0.47 0.165 1.0155 0.491 0.1905 0.289
"2904" "F" 0.575 0.425 0.15 0.8765 0.455 0.18 0.228
"941" "M" 0.46 0.345 0.105 0.449 0.196 0.0945 0.1265
"3745" "M" 0.275 0.205 0.065 0.101 0.041 0.021 0.034
"1063" "M" 0.28 0.21 0.085 0.1075 0.0415 0.024 0.034
"1504" "F" 0.63 0.49 0.225 1.336 0.6805 0.259 0.3245
"1059" "M" 0.245 0.18 0.065 0.071 0.03 0.013 0.0215
"218" "M" 0.405 0.3 0.12 0.324 0.1265 0.07 0.11
"3000" "F" 0.635 0.525 0.18 1.3695 0.634 0.318 0.363
"1868" "M" 0.525 0.415 0.12 0.596 0.2805 0.12 0.1695
"2216" "F" 0.455 0.35 0.14 0.5725 0.1965 0.1325 0.175
"3340" "F" 0.585 0.475 0.185 0.8575 0.3465 0.1785 0.275
"2589" "F" 0.57 0.435 0.14 0.8585 0.3905 0.196 0.2295
"1468" "M" 0.515 0.4 0.125 0.5625 0.25 0.1245 0.17
"2544" "F" 0.7 0.525 0.19 1.6015 0.707 0.365 0.43
"3669" "F" 0.585 0.465 0.145 0.9855 0.4325 0.2145 0.2845
"2029" "F" 0.57 0.435 0.15 0.8295 0.3875 0.156 0.245
"991" "F" 0.575 0.46 0.16 1.103 0.538 0.221 0.249
"3956" "M" 0.49 0.385 0.12 0.591 0.271 0.1125 0.1775
"1229" "M" 0.36 0.27 0.085 0.196 0.0875 0.035 0.064
"4070" "M" 0.455 0.335 0.105 0.4055 0.175 0.092 0.1185
"2734" "M" 0.415 0.335 0.1 0.358 0.169 0.067 0.105
"3004" "F" 0.655 0.505 0.175 1.2905 0.6205 0.2965 0.326
"1079" "M" 0.42 0.31 0.095 0.279 0.1255 0.051 0.088
"2558" "M" 0.39 0.295 0.1 0.279 0.1155 0.059 0.08
"1588" "M" 0.515 0.395 0.125 0.6635 0.32 0.14 0.17
"3854" "F" 0.57 0.465 0.155 0.9685 0.446 0.261 0.255
"3030" "M" 0.52 0.41 0.14 0.6625 0.2775 0.1555 0.196
"3053" "F" 0.595 0.46 0.16 0.921 0.4005 0.2025 0.2875
"657" "F" 0.555 0.435 0.165 0.97 0.336 0.2315 0.295
"4085" "F" 0.575 0.48 0.17 1.1 0.506 0.2485 0.31
"3791" "F" 0.65 0.505 0.175 1.2075 0.5105 0.262 0.39
"4034" "M" 0.495 0.385 0.125 0.5125 0.2075 0.1155 0.172
"2242" "F" 0.435 0.32 0.12 0.3785 0.152 0.0915 0.125
"3198" "M" 0.31 0.235 0.075 0.1515 0.056 0.0315 0.05
"2220" "F" 0.485 0.375 0.145 0.5885 0.2385 0.1155 0.19
"1840" "M" 0.42 0.325 0.1 0.368 0.1675 0.0625 0.1135
"1191" "F" 0.69 0.53 0.17 1.5535 0.7945 0.3485 0.3695
"3489" "M" 0.52 0.38 0.13 0.5345 0.2375 0.122 0.1535
"1674" "M" 0.61 0.465 0.125 0.9225 0.436 0.19 0.26
"1256" "M" 0.425 0.32 0.1 0.3055 0.126 0.06 0.106
"1262" "M" 0.45 0.33 0.105 0.448 0.208 0.089 0.12
"2369" "F" 0.72 0.595 0.225 1.969 0.8045 0.423 0.66
"159" "F" 0.58 0.455 0.17 0.9075 0.374 0.2135 0.285
"1082" "M" 0.435 0.33 0.11 0.413 0.2055 0.096 0.096
"4107" "F" 0.72 0.59 0.205 1.7495 0.7755 0.4225 0.48
"477" "F" 0.465 0.35 0.115 0.421 0.1565 0.091 0.1345
"1309" "F" 0.545 0.445 0.15 0.8 0.3535 0.163 0.207
"1548" "M" 0.38 0.29 0.1 0.237 0.108 0.0395 0.082
"1293" "M" 0.515 0.4 0.135 0.6965 0.32 0.1255 0.175
"634" "M" 0.47 0.36 0.13 0.5225 0.198 0.1065 0.165
"639" "M" 0.44 0.345 0.12 0.487 0.1965 0.108 0.16
"4160" "F" 0.56 0.44 0.135 0.8025 0.35 0.1615 0.259
"2717" "M" 0.34 0.245 0.085 0.2015 0.1005 0.038 0.053
"557" "M" 0.525 0.405 0.15 0.795 0.3075 0.205 0.255
"18" "F" 0.44 0.34 0.1 0.451 0.188 0.087 0.13
"2922" "F" 0.6 0.45 0.15 0.9625 0.4375 0.2225 0.2775
"1999" "M" 0.35 0.235 0.08 0.17 0.0725 0.0465 0.0495
"250" "M" 0.345 0.27 0.11 0.2135 0.082 0.0545 0.07
"3263" "F" 0.595 0.485 0.145 1.2515 0.5035 0.2925 0.33
"940" "M" 0.46 0.36 0.1 0.4635 0.2325 0.093 0.115
"1614" "M" 0.55 0.42 0.135 0.816 0.3995 0.1485 0.23
"1786" "F" 0.535 0.425 0.135 0.771 0.3765 0.1815 0.1795
"4054" "F" 0.625 0.485 0.165 1.2255 0.5075 0.296 0.36
"2434" "F" 0.66 0.515 0.18 1.523 0.54 0.3365 0.555
"1822" "F" 0.72 0.55 0.195 2.073 1.0715 0.4265 0.5015
"839" "F" 0.48 0.365 0.135 0.6395 0.2945 0.113 0.175
"123" "F" 0.515 0.425 0.14 0.766 0.304 0.1725 0.255
"168" "F" 0.68 0.57 0.205 1.842 0.625 0.408 0.65
"1738" "F" 0.67 0.55 0.155 1.566 0.858 0.339 0.354
"2127" "F" 0.5 0.4 0.125 0.5765 0.2395 0.126 0.185
"747" "F" 0.66 0.52 0.2 1.676 0.673 0.4805 0.45
"949" "F" 0.475 0.36 0.12 0.5915 0.3245 0.11 0.127
"4109" "M" 0.48 0.35 0.1 0.519 0.2365 0.1275 0.126
"584" "M" 0.46 0.355 0.14 0.4935 0.216 0.133 0.115
"3592" "F" 0.65 0.475 0.165 1.3875 0.58 0.3485 0.3095
"1577" "M" 0.49 0.375 0.115 0.4615 0.204 0.0945 0.143
"1908" "F" 0.575 0.43 0.155 0.7955 0.3485 0.1925 0.22
"2553" "M" 0.31 0.225 0.075 0.155 0.065 0.037 0.0365
"2503" "M" 0.285 0.21 0.07 0.109 0.044 0.0265 0.033
"932" "F" 0.445 0.335 0.11 0.4355 0.2025 0.1095 0.1195
"2506" "M" 0.34 0.255 0.075 0.18 0.0745 0.04 0.0525
"3036" "M" 0.55 0.405 0.15 0.6755 0.3015 0.1465 0.21
"1382" "F" 0.625 0.505 0.175 1.15 0.5475 0.256 0.3045
"459" "M" 0.415 0.31 0.11 0.2965 0.123 0.057 0.0995
"2731" "M" 0.405 0.3 0.09 0.2885 0.138 0.0635 0.0765
"2094" "F" 0.505 0.385 0.115 0.616 0.243 0.1075 0.21
"3558" "M" 0.54 0.41 0.135 0.7025 0.31 0.177 0.2
"567" "M" 0.485 0.355 0.13 0.581 0.245 0.132 0.168
"2139" "F" 0.57 0.465 0.18 0.9995 0.405 0.277 0.295
"1287" "M" 0.5 0.395 0.14 0.6215 0.2925 0.1205 0.195
"1096" "M" 0.475 0.35 0.11 0.4565 0.206 0.099 0.13
"2135" "F" 0.44 0.33 0.115 0.4005 0.143 0.113 0.12
"1615" "M" 0.55 0.415 0.145 0.7815 0.373 0.16 0.2215
"3814" "M" 0.35 0.26 0.095 0.221 0.0985 0.043 0.07
"360" "F" 0.685 0.545 0.18 1.768 0.7495 0.392 0.485
"2195" "M" 0.43 0.325 0.11 0.3675 0.1355 0.0935 0.12
"486" "F" 0.585 0.465 0.14 0.908 0.381 0.1615 0.315
"1494" "M" 0.615 0.475 0.13 0.8425 0.353 0.1915 0.251
"942" "M" 0.465 0.365 0.115 0.467 0.2315 0.0925 0.113
"1302" "M" 0.535 0.4 0.135 0.6025 0.2895 0.121 0.154
"2605" "F" 0.62 0.485 0.175 1.2155 0.545 0.253 0.345
"2999" "F" 0.635 0.51 0.17 1.2235 0.532 0.271 0.354
"1077" "M" 0.42 0.3 0.105 0.316 0.1255 0.07 0.1035
"1639" "M" 0.575 0.445 0.17 0.8015 0.3475 0.1465 0.25
"1391" "F" 0.635 0.5 0.165 1.4595 0.705 0.2645 0.39
"3541" "M" 0.445 0.355 0.095 0.3615 0.1415 0.0785 0.12
"215" "F" 0.485 0.395 0.16 0.66 0.2475 0.128 0.235
"2669" "F" 0.585 0.435 0.14 0.6955 0.3085 0.129 0.2245
"1693" "F" 0.625 0.485 0.175 1.362 0.6765 0.2615 0.3705
"2935" "F" 0.62 0.475 0.15 0.9545 0.455 0.1865 0.277
"302" "F" 0.54 0.435 0.175 0.892 0.322 0.174 0.335
"3870" "F" 0.49 0.385 0.16 0.656 0.2455 0.171 0.205
"1933" "F" 0.62 0.495 0.17 1.062 0.372 0.213 0.34
"4099" "F" 0.65 0.495 0.16 1.3105 0.577 0.3315 0.355
"4056" "F" 0.645 0.5 0.15 1.159 0.4675 0.3355 0.31
"528" "F" 0.57 0.445 0.155 0.733 0.282 0.159 0.235
"3045" "M" 0.575 0.445 0.16 0.9175 0.45 0.1935 0.24
"1150" "F" 0.58 0.45 0.155 0.93 0.385 0.246 0.265
"3508" "F" 0.64 0.5 0.165 1.1635 0.554 0.239 0.32
"2032" "F" 0.6 0.45 0.14 0.837 0.37 0.177 0.2425
"2481" "F" 0.52 0.425 0.145 0.7 0.207 0.1905 0.24
"3976" "M" 0.44 0.33 0.135 0.4095 0.163 0.1005 0.119
"326" "M" 0.355 0.275 0.09 0.251 0.097 0.053 0.08
"1569" "M" 0.47 0.355 0.125 0.499 0.21 0.0985 0.155
"3790" "F" 0.645 0.51 0.155 1.129 0.5015 0.24 0.342
"4025" "M" 0.33 0.245 0.065 0.1445 0.058 0.032 0.0505
"982" "F" 0.55 0.43 0.14 0.8105 0.368 0.161 0.275
"2631" "M" 0.355 0.285 0.095 0.2275 0.0955 0.0475 0.0715
"2366" "F" 0.63 0.505 0.165 1.065 0.4595 0.216 0.315
"3356" "M" 0.435 0.34 0.11 0.407 0.1685 0.073 0.13
"2285" "M" 0.405 0.315 0.105 0.347 0.1605 0.0785 0.1
"3832" "F" 0.545 0.42 0.175 0.754 0.256 0.1775 0.275
"2896" "M" 0.54 0.415 0.11 0.619 0.2755 0.15 0.1765
"536" "M" 0.465 0.38 0.13 0.454 0.1895 0.08 0.155
"1442" "M" 0.405 0.3 0.105 0.304 0.1455 0.061 0.0805
"575" "M" 0.61 0.475 0.15 0.9665 0.4145 0.2 0.345
"2578" "M" 0.505 0.385 0.12 0.6005 0.239 0.142 0.185
"505" "F" 0.625 0.485 0.19 1.1745 0.4385 0.2305 0.42
"1454" "M" 0.47 0.35 0.125 0.4315 0.19 0.1165 0.1175
"2596" "F" 0.595 0.465 0.15 1.0255 0.412 0.2745 0.289
"1536" "M" 0.305 0.225 0.09 0.1465 0.063 0.034 0.0415
"3171" "F" 0.57 0.465 0.155 0.872 0.3245 0.239 0.285
"208" "M" 0.435 0.34 0.11 0.3795 0.1495 0.085 0.12
"2652" "M" 0.51 0.385 0.15 0.625 0.3095 0.119 0.1725
"347" "F" 0.525 0.42 0.16 0.756 0.2745 0.173 0.275
"2267" "F" 0.635 0.51 0.175 1.2125 0.5735 0.261 0.36
"2961" "F" 0.66 0.525 0.18 1.5965 0.7765 0.397 0.3605
"499" "F" 0.615 0.525 0.155 1.0385 0.427 0.2315 0.345
"2912" "F" 0.58 0.44 0.125 0.7855 0.363 0.1955 0.195
"1231" "M" 0.365 0.27 0.085 0.196 0.0825 0.0375 0.06
"2828" "M" 0.5 0.375 0.12 0.529 0.2235 0.123 0.16
"3451" "F" 0.525 0.44 0.125 0.7115 0.3205 0.159 0.1915
"3869" "F" 0.44 0.34 0.135 0.3975 0.1505 0.0945 0.135
"828" "M" 0.4 0.31 0.1 0.306 0.13 0.06 0.094
"136" "F" 0.425 0.33 0.115 0.406 0.1635 0.081 0.1355
"4128" "M" 0.55 0.445 0.11 0.7935 0.378 0.142 0.26
"2892" "M" 0.53 0.38 0.125 0.616 0.292 0.113 0.185
"3912" "M" 0.355 0.27 0.1 0.216 0.083 0.037 0.075
"24" "F" 0.55 0.415 0.135 0.7635 0.318 0.21 0.2
"3614" "F" 0.61 0.49 0.17 1.3475 0.7045 0.25 0.3045
"3121" "F" 0.525 0.4 0.13 0.6995 0.3115 0.131 0.223
"2567" "F" 0.455 0.35 0.12 0.4555 0.1945 0.1045 0.1375
"450" "F" 0.565 0.455 0.15 0.8205 0.365 0.159 0.26
"1857" "M" 0.505 0.405 0.13 0.599 0.2245 0.1175 0.225
"3447" "M" 0.5 0.385 0.11 0.596 0.3015 0.104 0.151
"3084" "M" 0.225 0.17 0.05 0.0515 0.019 0.012 0.017
"1114" "M" 0.525 0.4 0.13 0.6455 0.325 0.1245 0.17
"3509" "F" 0.64 0.475 0.175 1.1545 0.4865 0.341 0.288
"3278" "F" 0.465 0.39 0.14 0.5555 0.213 0.1075 0.215
"4126" "M" 0.54 0.415 0.135 0.709 0.3195 0.174 0.185
"1300" "M" 0.53 0.415 0.11 0.5745 0.2525 0.1235 0.189
"2263" "F" 0.58 0.455 0.16 0.9215 0.312 0.196 0.3
"3957" "F" 0.515 0.395 0.14 0.686 0.281 0.1255 0.22
"1956" "F" 0.645 0.51 0.18 1.6195 0.7815 0.322 0.4675
"3625" "F" 0.665 0.5 0.175 1.4355 0.643 0.345 0.37
"174" "F" 0.52 0.405 0.115 0.776 0.32 0.1845 0.22
"3185" "F" 0.67 0.545 0.175 1.707 0.6995 0.387 0.575
"3308" "F" 0.45 0.325 0.135 0.438 0.1805 0.1165 0.11
"1745" "F" 0.685 0.565 0.175 1.638 0.7775 0.375 0.438
"1670" "F" 0.61 0.465 0.16 1.0725 0.4835 0.2515 0.28
"3887" "F" 0.46 0.375 0.12 0.4915 0.2205 0.088 0.17
"550" "M" 0.555 0.425 0.18 0.875 0.3695 0.2005 0.255
"1760" "F" 0.74 0.565 0.205 2.119 0.9655 0.5185 0.482
"2852" "F" 0.635 0.51 0.185 1.286 0.526 0.295 0.4105
"2187" "F" 0.52 0.4 0.125 0.6865 0.295 0.1715 0.185
"3631" "M" 0.285 0.225 0.07 0.1005 0.0425 0.0185 0.035
"3164" "F" 0.55 0.44 0.125 0.765 0.33 0.2125 0.245
"3764" "M" 0.53 0.41 0.15 0.612 0.2435 0.1525 0.1895
"204" "F" 0.53 0.435 0.17 0.8155 0.2985 0.155 0.275
"2889" "M" 0.51 0.4 0.125 0.5935 0.239 0.13 0.204
"1819" "F" 0.695 0.55 0.185 1.679 0.805 0.4015 0.3965
"3205" "F" 0.665 0.53 0.185 1.3955 0.456 0.3205 0.49
"1640" "M" 0.575 0.45 0.135 0.807 0.3615 0.176 0.254
"1997" "M" 0.325 0.25 0.07 0.1745 0.0875 0.0355 0.04
"3703" "F" 0.665 0.54 0.195 1.764 0.8505 0.3615 0.47
"3187" "F" 0.47 0.36 0.11 0.4965 0.237 0.127 0.13
"1102" "M" 0.5 0.38 0.125 0.519 0.2485 0.1135 0.134
"608" "M" 0.485 0.37 0.13 0.458 0.181 0.113 0.136
"3517" "F" 0.7 0.575 0.2 1.7365 0.7755 0.3965 0.461
"2123" "F" 0.435 0.35 0.12 0.4585 0.192 0.1 0.13
"1553" "M" 0.39 0.285 0.1 0.281 0.1275 0.062 0.077
"1818" "F" 0.685 0.535 0.175 1.5845 0.7175 0.3775 0.4215
"902" "M" 0.3 0.23 0.095 0.1385 0.056 0.0365 0.037
"4144" "F" 0.655 0.5 0.22 1.359 0.642 0.3255 0.405
"122" "M" 0.385 0.295 0.085 0.2535 0.103 0.0575 0.085
"572" "M" 0.45 0.345 0.135 0.443 0.1975 0.0875 0.1175
"101" "M" 0.36 0.265 0.095 0.2315 0.105 0.046 0.075
"203" "F" 0.5 0.4 0.145 0.63 0.234 0.1465 0.23
"549" "F" 0.565 0.45 0.16 0.795 0.3605 0.1555 0.23
"3134" "F" 0.485 0.39 0.1 0.5565 0.2215 0.1155 0.185
"1288" "M" 0.505 0.405 0.13 0.6015 0.3015 0.11 0.18
"927" "M" 0.43 0.325 0.09 0.425 0.217 0.087 0.095
"3235" "F" 0.59 0.485 0.205 1.2315 0.4525 0.238 0.42
"2444" "F" 0.445 0.335 0.14 0.4565 0.1785 0.114 0.14
"1757" "F" 0.725 0.565 0.21 2.1425 1.03 0.487 0.503
"1955" "F" 0.64 0.485 0.185 1.4195 0.6735 0.3465 0.3255
"1208" "F" 0.755 0.625 0.21 2.505 1.1965 0.513 0.6785
"4164" "M" 0.39 0.31 0.085 0.344 0.181 0.0695 0.079
"3830" "F" 0.71 0.555 0.17 1.47 0.5375 0.38 0.431
"1030" "F" 0.645 0.5 0.16 1.2465 0.5475 0.327 0.3
"2743" "M" 0.46 0.345 0.105 0.415 0.187 0.087 0.11
"1543" "M" 0.36 0.265 0.075 0.1845 0.083 0.0365 0.055
"1098" "M" 0.48 0.38 0.125 0.6245 0.3395 0.1085 0.1665
"2805" "F" 0.66 0.505 0.19 1.4045 0.6255 0.3375 0.3745
"1440" "M" 0.405 0.31 0.095 0.3425 0.1785 0.064 0.0855
"3442" "F" 0.465 0.355 0.115 0.4705 0.1955 0.118 0.126
"3789" "F" 0.63 0.475 0.15 1.072 0.433 0.2975 0.315
"825" "M" 0.385 0.3 0.1 0.2895 0.1215 0.063 0.09
"109" "F" 0.51 0.39 0.135 0.6335 0.231 0.179 0.2
"3670" "M" 0.585 0.46 0.14 0.7635 0.326 0.153 0.265
"2168" "F" 0.37 0.275 0.085 0.2405 0.104 0.0535 0.07
"262" "F" 0.57 0.44 0.125 0.865 0.3675 0.1725 0.27
"652" "M" 0.335 0.245 0.09 0.1665 0.0595 0.04 0.06
"2057" "F" 0.475 0.38 0.14 0.689 0.3165 0.1315 0.1955
"535" "M" 0.47 0.37 0.14 0.4985 0.2095 0.1225 0.145
"866" "F" 0.605 0.475 0.175 1.382 0.609 0.2325 0.3985
"3932" "M" 0.55 0.44 0.165 0.8605 0.312 0.169 0.3
"1106" "F" 0.51 0.4 0.125 0.545 0.261 0.115 0.1385
"1140" "F" 0.575 0.47 0.165 0.869 0.435 0.197 0.238
"2324" "M" 0.395 0.325 0.105 0.306 0.111 0.0735 0.095
"1282" "M" 0.5 0.38 0.135 0.594 0.2945 0.104 0.1565
"38" "F" 0.45 0.355 0.105 0.5225 0.237 0.1165 0.145
"3099" "F" 0.55 0.43 0.15 0.655 0.2635 0.122 0.221
"3849" "F" 0.675 0.535 0.22 1.604 0.6175 0.4255 0.453
"540" "F" 0.375 0.29 0.115 0.2705 0.093 0.066 0.0885
"3357" "M" 0.39 0.3 0.1 0.3085 0.1385 0.0735 0.085
"2341" "F" 0.59 0.47 0.17 0.9 0.355 0.1905 0.25
"2488" "F" 0.63 0.51 0.185 1.235 0.5115 0.349 0.3065
"1036" "F" 0.655 0.51 0.175 1.6525 0.8515 0.3365 0.403
"3605" "M" 0.455 0.37 0.11 0.514 0.2385 0.1235 0.126
"1833" "M" 0.39 0.31 0.105 0.2665 0.1185 0.0525 0.081
"3679" "F" 0.605 0.49 0.15 1.1345 0.4305 0.2525 0.35
"513" "F" 0.49 0.38 0.145 0.6725 0.249 0.181 0.21
"1861" "M" 0.515 0.42 0.15 0.6725 0.2555 0.1335 0.235
"3498" "F" 0.585 0.45 0.145 0.9835 0.4845 0.242 0.22
"3639" "M" 0.44 0.34 0.105 0.344 0.123 0.081 0.125
"1064" "M" 0.285 0.22 0.065 0.096 0.0405 0.0205 0.03
"1213" "M" 0.25 0.185 0.065 0.0685 0.0295 0.014 0.0225
"1270" "M" 0.47 0.365 0.1 0.411 0.175 0.0855 0.135
"4074" "M" 0.515 0.395 0.125 0.5805 0.2365 0.1075 0.19
"1072" "M" 0.385 0.29 0.08 0.2485 0.122 0.0495 0.065
"3255" "F" 0.435 0.35 0.105 0.4195 0.194 0.1005 0.13
"4116" "F" 0.605 0.465 0.155 1.1 0.547 0.2665 0.2585
"2350" "F" 0.45 0.36 0.105 0.4715 0.2035 0.0935 0.149
"2520" "M" 0.505 0.39 0.185 0.6125 0.267 0.142 0.172
"1853" "M" 0.495 0.38 0.135 0.5095 0.2065 0.1165 0.165
"2744" "M" 0.475 0.355 0.115 0.5195 0.279 0.088 0.1325
"4069" "M" 0.41 0.305 0.1 0.2645 0.1 0.0655 0.085
"60" "F" 0.505 0.4 0.125 0.583 0.246 0.13 0.175
"188" "F" 0.63 0.5 0.185 1.383 0.54 0.3315 0.38
"3207" "M" 0.295 0.215 0.075 0.116 0.037 0.0295 0.04
"3080" "F" 0.7 0.555 0.22 1.666 0.647 0.4285 0.455
"1593" "M" 0.525 0.39 0.12 0.664 0.3115 0.147 0.178
"8" "F" 0.545 0.425 0.125 0.768 0.294 0.1495 0.26
"1224" "M" 0.34 0.25 0.09 0.179 0.0775 0.033 0.055
"2250" "F" 0.585 0.455 0.165 0.998 0.345 0.2495 0.315
"3532" "M" 0.365 0.275 0.09 0.2345 0.108 0.051 0.0625
"1803" "F" 0.61 0.475 0.15 1.1135 0.5195 0.2575 0.3005
"2644" "M" 0.485 0.375 0.13 0.5535 0.266 0.112 0.157
"1844" "M" 0.435 0.33 0.105 0.335 0.156 0.0555 0.105
"1380" "F" 0.62 0.475 0.16 1.1295 0.463 0.2685 0.33
"221" "F" 0.445 0.325 0.125 0.455 0.1785 0.1125 0.14
"1474" "F" 0.55 0.43 0.14 0.84 0.375 0.218 0.1945
"1771" "M" 0.455 0.335 0.105 0.422 0.229 0.0865 0.1
"3267" "F" 0.495 0.385 0.135 0.6625 0.3005 0.1635 0.185
"3430" "M" 0.28 0.21 0.065 0.111 0.0425 0.0285 0.03
"3580" "F" 0.6 0.485 0.145 0.776 0.3545 0.1585 0.239
"738" "F" 0.52 0.405 0.125 0.6435 0.2415 0.1735 0.21
"1015" "F" 0.625 0.5 0.165 1.288 0.573 0.3035 0.315
"3647" "M" 0.475 0.35 0.125 0.4225 0.1905 0.079 0.1355
"3659" "M" 0.535 0.45 0.155 0.8075 0.3655 0.148 0.2595
"3060" "F" 0.625 0.515 0.155 1.1635 0.4875 0.259 0.355
"1238" "M" 0.375 0.275 0.095 0.2465 0.11 0.0415 0.0775
"1201" "F" 0.72 0.55 0.2 1.9965 0.9035 0.469 0.5215
"4114" "M" 0.56 0.42 0.14 0.837 0.414 0.214 0.2
"2306" "F" 0.55 0.415 0.135 0.775 0.302 0.179 0.26
"3005" "F" 0.67 0.515 0.17 1.4265 0.6605 0.3395 0.37
"889" "F" 0.68 0.56 0.195 1.7775 0.861 0.322 0.415
"3550" "M" 0.5 0.365 0.125 0.528 0.229 0.103 0.1645
"108" "F" 0.5 0.4 0.125 0.6675 0.261 0.1315 0.22
"3325" "M" 0.375 0.28 0.1 0.2565 0.1165 0.0585 0.0725
"2666" "F" 0.575 0.48 0.15 0.897 0.4235 0.1905 0.248
"1825" "M" 0.185 0.135 0.04 0.027 0.0105 0.0055 0.009
"75" "F" 0.605 0.45 0.195 1.098 0.481 0.2895 0.315
"2166" "F" 0.61 0.45 0.16 1.136 0.414 0.311 0.3
"1158" "F" 0.605 0.47 0.165 1.1775 0.611 0.2275 0.292
"1460" "M" 0.485 0.38 0.12 0.4725 0.2075 0.1075 0.147
"3181" "F" 0.37 0.295 0.1 0.2685 0.1165 0.056 0.0835
"2916" "M" 0.59 0.475 0.145 0.9745 0.4675 0.207 0.259
"236" "M" 0.295 0.225 0.08 0.124 0.0485 0.032 0.04
"4029" "M" 0.42 0.31 0.1 0.2805 0.1125 0.0615 0.0925
"2405" "M" 0.555 0.455 0.17 0.8435 0.309 0.1905 0.3
"2617" "F" 0.65 0.5 0.185 1.4415 0.741 0.2955 0.341
"2594" "F" 0.595 0.47 0.155 1.1775 0.542 0.269 0.31
"445" "F" 0.41 0.325 0.105 0.3635 0.159 0.077 0.12
"282" "M" 0.36 0.285 0.105 0.2415 0.0915 0.057 0.075
"965" "M" 0.505 0.355 0.125 0.601 0.25 0.1205 0.185
"2565" "M" 0.45 0.35 0.125 0.4775 0.2235 0.089 0.118
"2167" "M" 0.38 0.28 0.085 0.2735 0.115 0.061 0.085
"1961" "F" 0.65 0.51 0.185 1.375 0.531 0.384 0.3985
"3165" "F" 0.64 0.475 0.19 1.151 0.4365 0.281 0.3805
"576" "F" 0.61 0.475 0.14 1.133 0.5275 0.2355 0.35
"1111" "M" 0.52 0.38 0.135 0.5395 0.2295 0.133 0.157
"1073" "M" 0.4 0.32 0.095 0.348 0.194 0.053 0.087
"1276" "M" 0.48 0.37 0.125 0.5435 0.244 0.101 0.165
"2875" "M" 0.425 0.34 0.1 0.371 0.15 0.0865 0.115
"4124" "M" 0.49 0.375 0.115 0.557 0.2275 0.1335 0.1765
"4003" "M" 0.485 0.375 0.125 0.562 0.2505 0.1345 0.1525
"1578" "M" 0.49 0.4 0.135 0.624 0.3035 0.1285 0.169
"3046" "F" 0.58 0.435 0.155 0.8785 0.425 0.1685 0.2425
"80" "F" 0.615 0.475 0.17 1.1025 0.4695 0.2355 0.345
"586" "M" 0.495 0.39 0.125 0.6655 0.284 0.162 0.2
"928" "M" 0.435 0.325 0.12 0.3995 0.1815 0.061 0.1125
"606" "M" 0.425 0.345 0.125 0.425 0.16 0.0795 0.154
"3113" "M" 0.415 0.32 0.115 0.3045 0.1215 0.0735 0.094
"394" "M" 0.365 0.295 0.095 0.25 0.1075 0.0545 0.08
"3251" "F" 0.435 0.35 0.125 0.459 0.197 0.1145 0.145
"3029" "M" 0.515 0.385 0.125 0.572 0.237 0.1435 0.165
"4075" "M" 0.52 0.4 0.14 0.622 0.278 0.1455 0.169
"2586" "F" 0.55 0.425 0.125 0.964 0.5475 0.159 0.215
"2394" "M" 0.3 0.22 0.09 0.1425 0.057 0.0335 0.043
"1405" "F" 0.655 0.525 0.19 1.3595 0.564 0.3215 0.3985
"580" "F" 0.63 0.48 0.175 1.3675 0.5015 0.3035 0.515
"2552" "M" 0.295 0.22 0.07 0.126 0.0515 0.0275 0.035
"1838" "M" 0.415 0.31 0.1 0.2805 0.114 0.0565 0.0975
"2451" "F" 0.42 0.33 0.125 0.463 0.186 0.11 0.145
"1296" "M" 0.525 0.4 0.125 0.6965 0.369 0.1385 0.164
"390" "M" 0.465 0.375 0.12 0.471 0.222 0.119 0.14
"374" "F" 0.7 0.575 0.17 1.31 0.5095 0.314 0.42
"184" "F" 0.62 0.475 0.175 1.0165 0.4355 0.214 0.325
"1737" "F" 0.67 0.52 0.19 1.32 0.5235 0.3095 0.4275
"2874" "M" 0.41 0.305 0.095 0.2625 0.1 0.0515 0.09
"1629" "M" 0.57 0.435 0.17 0.848 0.4 0.166 0.25
"1746" "F" 0.69 0.55 0.2 1.569 0.687 0.3675 0.46
"545" "F" 0.38 0.29 0.105 0.257 0.099 0.051 0.085
"1814" "F" 0.655 0.52 0.2 1.5475 0.713 0.314 0.466
"1845" "M" 0.435 0.345 0.12 0.3215 0.13 0.056 0.1185
"1990" "M" 0.28 0.21 0.075 0.1195 0.053 0.0265 0.03
"1291" "M" 0.515 0.38 0.12 0.625 0.3265 0.1295 0.16
"1702" "F" 0.635 0.49 0.175 1.2435 0.5805 0.313 0.305
"2849" "F" 0.625 0.485 0.16 1.254 0.591 0.259 0.3485
"1869" "M" 0.525 0.405 0.145 0.6965 0.3045 0.1535 0.21
"976" "F" 0.53 0.425 0.15 0.8495 0.328 0.232 0.202
"4064" "F" 0.63 0.515 0.16 1.336 0.553 0.3205 0.35
"1315" "M" 0.55 0.435 0.14 0.7535 0.3285 0.1555 0.2325
"1412" "F" 0.67 0.53 0.225 1.5615 0.63 0.487 0.3725
"1837" "M" 0.415 0.31 0.09 0.2815 0.1245 0.0615 0.085
"3810" "F" 0.52 0.375 0.135 0.5375 0.221 0.117 0.17
"395" "M" 0.345 0.275 0.095 0.1995 0.0755 0.0535 0.07
"298" "M" 0.28 0.21 0.085 0.1065 0.039 0.0295 0.03
"3971" "M" 0.385 0.285 0.09 0.248 0.0935 0.066 0.07
"2930" "M" 0.61 0.49 0.16 1.1545 0.5865 0.2385 0.2915
"880" "F" 0.64 0.51 0.165 1.486 0.7595 0.332 0.321
"3076" "F" 0.68 0.52 0.185 1.494 0.615 0.3935 0.406
"2899" "M" 0.55 0.435 0.165 0.804 0.34 0.194 0.244
"1183" "F" 0.66 0.53 0.185 1.346 0.546 0.2705 0.476
"914" "M" 0.37 0.29 0.095 0.249 0.1045 0.058 0.067
"1566" "M" 0.46 0.355 0.11 0.4255 0.2015 0.081 0.13
"2886" "M" 0.505 0.4 0.125 0.5605 0.2255 0.1435 0.17
"2630" "M" 0.33 0.24 0.075 0.163 0.0745 0.033 0.048
"2825" "M" 0.46 0.365 0.115 0.511 0.2365 0.118 0.123
"2771" "F" 0.57 0.445 0.155 1.017 0.5265 0.2025 0.265
"2653" "M" 0.515 0.4 0.125 0.5925 0.265 0.1175 0.168
"1594" "M" 0.525 0.38 0.135 0.615 0.261 0.159 0.175
"2561" "M" 0.44 0.335 0.11 0.3885 0.175 0.0835 0.111
"1610" "M" 0.545 0.375 0.12 0.543 0.2375 0.1155 0.1725
"2060" "M" 0.49 0.37 0.11 0.538 0.271 0.1035 0.139
"2530" "F" 0.6 0.5 0.155 1.332 0.6235 0.2835 0.35
"2108" "F" 0.675 0.55 0.18 1.6885 0.562 0.3705 0.6
"3584" "F" 0.625 0.5 0.175 1.273 0.564 0.302 0.374
"3743" "F" 0.695 0.525 0.205 1.8185 0.819 0.4025 0.4525
"1972" "F" 0.675 0.51 0.185 1.473 0.6295 0.3025 0.4245
"362" "F" 0.59 0.465 0.15 0.997 0.392 0.246 0.34
"4167" "M" 0.475 0.365 0.115 0.499 0.232 0.0885 0.156
"1574" "M" 0.48 0.37 0.12 0.536 0.251 0.114 0.15
"1323" "F" 0.56 0.445 0.155 1.224 0.5565 0.3225 0.2695
"1343" "M" 0.585 0.475 0.16 1.0505 0.48 0.234 0.285
"2056" "M" 0.465 0.355 0.09 0.4325 0.2005 0.074 0.1275
"2325" "F" 0.665 0.535 0.19 1.496 0.5775 0.2815 0.475
"1856" "M" 0.5 0.38 0.11 0.5605 0.28 0.106 0.15
"1552" "M" 0.39 0.3 0.09 0.252 0.1065 0.053 0.08
"2342" "M" 0.31 0.24 0.09 0.1455 0.0605 0.0315 0.045
"2760" "F" 0.545 0.44 0.15 0.9475 0.366 0.239 0.275
"3898" "F" 0.615 0.5 0.165 1.1765 0.488 0.244 0.345
"3880" "F" 0.61 0.49 0.17 1.1775 0.5655 0.2385 0.295
"2541" "F" 0.675 0.55 0.175 1.689 0.694 0.371 0.474
"3629" "F" 0.735 0.565 0.225 2.037 0.87 0.5145 0.5675
"1576" "M" 0.485 0.375 0.13 0.6025 0.2935 0.1285 0.16
"1014" "F" 0.625 0.475 0.175 1.1435 0.4755 0.2475 0.349
"3056" "F" 0.61 0.495 0.16 1.089 0.469 0.198 0.384
"3148" "F" 0.645 0.5 0.18 1.2785 0.5345 0.2995 0.345
"1864" "M" 0.52 0.415 0.14 0.6375 0.308 0.1335 0.168
"4044" "F" 0.58 0.46 0.135 0.926 0.4025 0.208 0.275
"3963" "F" 0.72 0.575 0.195 2.1505 1.0745 0.382 0.585
"3073" "F" 0.66 0.53 0.18 1.5175 0.7765 0.302 0.401
"2103" "M" 0.41 0.31 0.11 0.315 0.124 0.082 0.095
"2737" "M" 0.43 0.34 0.11 0.3645 0.159 0.0855 0.105
"2062" "F" 0.5 0.38 0.14 0.6355 0.277 0.143 0.1785
"3178" "F" 0.505 0.41 0.135 0.657 0.291 0.133 0.195
"3071" "F" 0.655 0.49 0.16 1.204 0.5455 0.2615 0.3225
"34" "F" 0.68 0.55 0.175 1.798 0.815 0.3925 0.455
"27" "F" 0.58 0.45 0.185 0.9955 0.3945 0.272 0.285
"2818" "M" 0.33 0.225 0.075 0.187 0.0945 0.0395 0.0425
"1279" "M" 0.495 0.355 0.12 0.4965 0.214 0.1045 0.1495
"2304" "F" 0.58 0.455 0.12 0.94 0.399 0.257 0.265
"1537" "M" 0.335 0.255 0.08 0.168 0.079 0.0355 0.05
"2574" "M" 0.475 0.355 0.105 0.468 0.201 0.1115 0.12
"3859" "F" 0.565 0.45 0.165 0.9765 0.322 0.244 0.37
"3752" "M" 0.45 0.335 0.115 0.3935 0.195 0.071 0.11
"2665" "F" 0.57 0.43 0.16 0.811 0.3875 0.159 0.2285
"809" "F" 0.44 0.34 0.13 0.4195 0.153 0.1155 0.13
"372" "F" 0.66 0.565 0.195 1.7605 0.692 0.3265 0.5
"585" "F" 0.41 0.305 0.1 0.363 0.1735 0.065 0.11
"1080" "M" 0.425 0.325 0.115 0.3685 0.162 0.0865 0.1045
"3667" "M" 0.575 0.44 0.15 0.983 0.486 0.215 0.239
"3463" "F" 0.625 0.47 0.17 1.255 0.525 0.2415 0.405
"1582" "M" 0.5 0.39 0.12 0.5955 0.2455 0.147 0.173
"1886" "M" 0.555 0.45 0.175 0.738 0.304 0.1755 0.22
"462" "F" 0.585 0.465 0.17 0.9915 0.3865 0.224 0.265
"162" "F" 0.605 0.485 0.16 1.222 0.53 0.2575 0.28
"3784" "M" 0.62 0.48 0.18 1.1305 0.5285 0.2655 0.306
"1068" "M" 0.34 0.265 0.08 0.2015 0.09 0.0475 0.055
"3606" "M" 0.495 0.375 0.115 0.5755 0.31 0.1145 0.1395
"365" "F" 0.62 0.5 0.175 1.186 0.4985 0.3015 0.35
"1684" "F" 0.62 0.48 0.18 1.2215 0.582 0.2695 0.313
"3289" "F" 0.605 0.475 0.145 1.0185 0.4695 0.225 0.27
"3458" "F" 0.61 0.495 0.175 1.2635 0.53 0.315 0.3455
"3860" "F" 0.57 0.44 0.19 1.018 0.447 0.207 0.265
"1062" "M" 0.275 0.195 0.065 0.106 0.054 0.02 0.028
"3490" "F" 0.53 0.42 0.14 0.627 0.2905 0.1165 0.183
"3438" "M" 0.395 0.3 0.09 0.279 0.134 0.049 0.075
"3286" "F" 0.665 0.57 0.185 1.522 0.6965 0.3025 0.405
"1244" "M" 0.385 0.28 0.085 0.2175 0.097 0.038 0.067
"1630" "M" 0.57 0.43 0.145 0.833 0.354 0.144 0.2815
"2038" "M" 0.27 0.195 0.065 0.1065 0.0475 0.0225 0.0285
"2300" "M" 0.495 0.385 0.125 0.585 0.2755 0.1235 0.165
"3518" "F" 0.7 0.56 0.175 1.6605 0.8605 0.3275 0.398
"2816" "M" 0.32 0.235 0.09 0.183 0.098 0.0335 0.042
"565" "F" 0.47 0.355 0.13 0.5465 0.2005 0.126 0.185
"922" "M" 0.42 0.32 0.115 0.376 0.169 0.092 0.1
"1817" "F" 0.675 0.53 0.175 1.4465 0.6775 0.33 0.389
"1660" "F" 0.6 0.48 0.18 1.0645 0.4495 0.2455 0.325
"4077" "M" 0.545 0.43 0.14 0.772 0.289 0.19 0.2615
"3621" "F" 0.64 0.5 0.17 1.2645 0.565 0.3375 0.315
"3953" "M" 0.315 0.235 0.08 0.18 0.08 0.045 0.047
"968" "M" 0.51 0.405 0.135 0.769 0.3655 0.1585 0.18
"2719" "M" 0.355 0.255 0.08 0.187 0.078 0.0505 0.058
"2883" "M" 0.5 0.39 0.13 0.5075 0.2115 0.104 0.1755
"1357" "F" 0.6 0.455 0.145 0.8895 0.419 0.1715 0.269
"3699" "F" 0.65 0.51 0.175 1.35 0.575 0.3155 0.3885
"2114" "M" 0.385 0.29 0.09 0.232 0.0855 0.0495 0.08
"504" "F" 0.6 0.505 0.19 1.129 0.4385 0.256 0.36
"3652" "M" 0.525 0.405 0.125 0.657 0.2985 0.1505 0.168
"1989" "M" 0.21 0.15 0.055 0.0465 0.017 0.012 0.015
"3807" "M" 0.425 0.31 0.095 0.3505 0.1645 0.071 0.1
"523" "M" 0.365 0.26 0.115 0.218 0.0935 0.0445 0.07
"253" "F" 0.595 0.455 0.155 1.0605 0.5135 0.2165 0.3
"3713" "F" 0.705 0.53 0.17 1.564 0.612 0.394 0.44
"1330" "M" 0.57 0.45 0.135 0.794 0.3815 0.1415 0.245
"1248" "M" 0.395 0.305 0.105 0.284 0.1135 0.0595 0.0945
"598" "M" 0.605 0.47 0.14 0.939 0.3385 0.201 0.32
"4101" "F" 0.675 0.52 0.175 1.494 0.7365 0.3055 0.37
"869" "F" 0.615 0.52 0.15 1.3435 0.629 0.2605 0.345
"2724" "M" 0.385 0.3 0.125 0.343 0.1705 0.0735 0.081
"662" "M" 0.535 0.45 0.17 0.781 0.3055 0.1555 0.295
"1727" "F" 0.66 0.535 0.175 1.5175 0.711 0.3125 0.415
"128" "M" 0.385 0.29 0.085 0.2505 0.112 0.061 0.08
"3149" "F" 0.71 0.53 0.195 1.8745 0.6755 0.4065 0.6855
"1136" "M" 0.57 0.44 0.15 0.755 0.3425 0.16 0.224
"1585" "F" 0.515 0.375 0.11 0.6065 0.3005 0.131 0.15
"3327" "M" 0.55 0.415 0.135 0.8095 0.2985 0.2015 0.28
"2235" "F" 0.57 0.45 0.165 0.903 0.3305 0.1845 0.295
"790" "F" 0.6 0.465 0.165 0.8875 0.309 0.246 0.262
"3774" "F" 0.575 0.46 0.15 0.927 0.333 0.207 0.2985
"559" "F" 0.66 0.53 0.17 1.326 0.519 0.2625 0.44
"2807" "F" 0.675 0.525 0.17 1.711 0.8365 0.352 0.475
"1051" "F" 0.715 0.525 0.185 1.56 0.6655 0.383 0.405
"1359" "M" 0.605 0.485 0.15 1.238 0.6315 0.226 0.33
"3274" "F" 0.475 0.375 0.14 0.501 0.192 0.1175 0.175
"1962" "F" 0.655 0.515 0.18 1.412 0.6195 0.2485 0.497
"3524" "M" 0.26 0.205 0.07 0.097 0.0415 0.019 0.0305
"1982" "F" 0.72 0.575 0.18 1.6705 0.732 0.3605 0.501
"2634" "M" 0.425 0.33 0.115 0.3265 0.1315 0.077 0.103
"4105" "F" 0.71 0.545 0.175 1.907 0.8725 0.4565 0.475
"702" "F" 0.48 0.385 0.135 0.536 0.1895 0.142 0.173
"2639" "M" 0.46 0.345 0.11 0.3755 0.1525 0.058 0.125
"3727" "M" 0.5 0.395 0.145 0.7865 0.332 0.1815 0.2455
"121" "F" 0.47 0.365 0.105 0.4205 0.163 0.1035 0.14
"1463" "F" 0.495 0.38 0.12 0.573 0.2655 0.1285 0.144
"2218" "F" 0.515 0.415 0.13 0.764 0.276 0.196 0.25
"210" "M" 0.37 0.28 0.095 0.2655 0.122 0.052 0.08
"1280" "M" 0.495 0.38 0.13 0.5125 0.2185 0.116 0.16
"222" "F" 0.47 0.35 0.145 0.5175 0.187 0.1235 0.18
"3406" "M" 0.34 0.25 0.075 0.1765 0.0785 0.0405 0.05
"971" "F" 0.515 0.43 0.14 0.834 0.367 0.2 0.23
"3287" "F" 0.62 0.51 0.175 1.1255 0.4985 0.227 0.315
"1827" "M" 0.31 0.215 0.075 0.1275 0.0565 0.0275 0.036
"2360" "F" 0.645 0.525 0.2 1.449 0.601 0.2565 0.505
"1117" "M" 0.525 0.395 0.12 0.608 0.297 0.1395 0.1405
"2508" "M" 0.415 0.325 0.1 0.4665 0.2285 0.1065 0.114
"3530" "M" 0.36 0.265 0.075 0.1785 0.0785 0.035 0.054
"848" "F" 0.545 0.44 0.135 0.9185 0.429 0.2015 0.2375
"2078" "F" 0.61 0.43 0.14 0.909 0.438 0.2 0.22
"1542" "M" 0.36 0.275 0.075 0.2205 0.0985 0.044 0.066
"2449" "F" 0.35 0.265 0.09 0.1855 0.0745 0.0415 0.06
"3404" "M" 0.35 0.265 0.11 0.209 0.066 0.059 0.075
"3690" "F" 0.63 0.505 0.195 1.306 0.516 0.3305 0.375
"106" "F" 0.52 0.41 0.155 0.727 0.291 0.1835 0.235
"3557" "M" 0.535 0.41 0.13 0.6075 0.268 0.1225 0.1975
"1292" "M" 0.515 0.42 0.135 0.711 0.337 0.144 0.205
"3032" "M" 0.525 0.4 0.11 0.6275 0.3015 0.126 0.18
"3972" "M" 0.4 0.295 0.095 0.252 0.1105 0.0575 0.066
"2269" "F" 0.545 0.445 0.175 0.8525 0.3465 0.189 0.295
"2274" "F" 0.67 0.52 0.15 1.406 0.519 0.348 0.37
"1667" "F" 0.605 0.47 0.155 0.974 0.393 0.224 0.3345
"1363" "F" 0.605 0.47 0.16 1.0835 0.5405 0.2215 0.275
"2857" "F" 0.655 0.515 0.17 1.527 0.8485 0.2635 0.331
"1178" "F" 0.645 0.48 0.17 1.1345 0.528 0.254 0.305
"1773" "M" 0.455 0.345 0.11 0.434 0.207 0.0855 0.1215
"1434" "M" 0.37 0.27 0.095 0.232 0.1325 0.041 0.0615
"1125" "F" 0.55 0.43 0.15 0.84 0.395 0.195 0.223
"2260" "F" 0.59 0.465 0.16 1.1005 0.506 0.2525 0.295
"3016" "M" 0.42 0.32 0.11 0.309 0.115 0.0645 0.0945
"859" "F" 0.595 0.48 0.15 1.11 0.498 0.228 0.33
"1278" "M" 0.48 0.365 0.1 0.461 0.2205 0.0835 0.135
"3651" "M" 0.52 0.415 0.14 0.6385 0.2945 0.1405 0.171
"3775" "M" 0.58 0.42 0.14 0.701 0.3285 0.102 0.2255
"872" "F" 0.62 0.505 0.16 1.3725 0.6285 0.275 0.3685
"2377" "F" 0.43 0.34 0.11 0.382 0.154 0.0955 0.109
"3661" "F" 0.545 0.41 0.125 0.654 0.2945 0.1315 0.205
"2436" "F" 0.465 0.38 0.135 0.579 0.208 0.1095 0.22
"3109" "M" 0.375 0.285 0.08 0.226 0.0975 0.04 0.0725
"2876" "M" 0.435 0.335 0.095 0.298 0.109 0.058 0.115
"1692" "M" 0.625 0.47 0.155 1.1955 0.643 0.2055 0.3145
"2840" "F" 0.59 0.455 0.15 0.976 0.465 0.2055 0.2765
"2143" "M" 0.46 0.35 0.11 0.3945 0.1685 0.0865 0.125
"602" "F" 0.385 0.315 0.11 0.286 0.1225 0.0635 0.0835
"2431" "M" 0.52 0.38 0.14 0.525 0.1775 0.115 0.185
"830" "M" 0.415 0.32 0.11 0.3735 0.175 0.0755 0.109
"3549" "F" 0.495 0.37 0.12 0.594 0.28 0.11 0.1375
"1458" "F" 0.475 0.365 0.115 0.566 0.281 0.117 0.1335
"4152" "M" 0.35 0.25 0.075 0.1695 0.0835 0.0355 0.041
"3106" "M" 0.29 0.215 0.06 0.1115 0.053 0.0185 0.032
"1223" "M" 0.335 0.245 0.09 0.2015 0.096 0.0405 0.048
"2006" "M" 0.395 0.29 0.095 0.3 0.158 0.068 0.078
"975" "F" 0.53 0.425 0.13 0.7585 0.325 0.197 0.205
"2152" "F" 0.745 0.585 0.19 1.966 0.8435 0.437 0.5855
"3643" "M" 0.465 0.355 0.12 0.4975 0.2375 0.099 0.14
"2122" "M" 0.475 0.36 0.11 0.4555 0.177 0.0965 0.145
"1105" "M" 0.51 0.405 0.125 0.6795 0.3465 0.1395 0.182
"2629" "M" 0.29 0.21 0.06 0.1045 0.0415 0.022 0.035
"3868" "F" 0.5 0.39 0.13 0.6355 0.2505 0.1635 0.195
"1945" "F" 0.635 0.52 0.165 1.3405 0.5065 0.296 0.412
"69" "F" 0.475 0.39 0.12 0.5305 0.2135 0.1155 0.17
"3009" "F" 0.75 0.615 0.205 2.2635 0.821 0.423 0.726
"3685" "M" 0.62 0.47 0.155 0.966 0.447 0.171 0.284
"1606" "M" 0.54 0.42 0.14 0.6275 0.2505 0.1175 0.235
"1854" "M" 0.495 0.38 0.145 0.5 0.205 0.148 0.1505
"396" "M" 0.39 0.31 0.1 0.302 0.116 0.064 0.115
"3833" "F" 0.46 0.365 0.115 0.4485 0.165 0.083 0.17
"2290" "F" 0.58 0.475 0.155 0.974 0.4305 0.23 0.285
"2329" "F" 0.525 0.425 0.145 0.7995 0.3345 0.209 0.24
"59" "M" 0.245 0.19 0.06 0.086 0.042 0.014 0.025
"3122" "F" 0.55 0.425 0.14 0.952 0.4895 0.1945 0.2185
"1671" "F" 0.61 0.485 0.15 1.2405 0.6025 0.2915 0.3085
"3701" "F" 0.66 0.53 0.17 1.431 0.622 0.309 0.398
"2427" "M" 0.565 0.435 0.155 0.782 0.2715 0.168 0.285
"3017" "M" 0.435 0.335 0.105 0.3535 0.156 0.05 0.1135
"4017" "F" 0.64 0.525 0.175 1.382 0.646 0.3115 0.37
"2573" "M" 0.475 0.385 0.11 0.5735 0.311 0.1025 0.136
"2601" "F" 0.615 0.485 0.16 1.1575 0.5005 0.2495 0.315
"3675" "F" 0.595 0.45 0.165 1.081 0.49 0.2525 0.279
"554" "M" 0.48 0.37 0.12 0.514 0.2075 0.131 0.155
"3504" "F" 0.615 0.49 0.19 1.1345 0.4695 0.257 0.348
"1088" "M" 0.45 0.365 0.125 0.462 0.2135 0.0985 0.1315
"510" "M" 0.56 0.445 0.155 0.8735 0.3005 0.209 0.275
"2089" "F" 0.72 0.575 0.215 2.1 0.8565 0.4825 0.602
"3974" "M" 0.415 0.33 0.1 0.3905 0.1925 0.0755 0.1025
"1012" "F" 0.625 0.48 0.17 1.3525 0.6235 0.278 0.365
"561" "F" 0.44 0.34 0.105 0.364 0.148 0.0805 0.1175
"743" "F" 0.535 0.42 0.15 0.7365 0.2785 0.186 0.215
"3200" "F" 0.49 0.38 0.155 0.578 0.2395 0.1255 0.18
"3" "F" 0.53 0.42 0.135 0.677 0.2565 0.1415 0.21
"3018" "M" 0.435 0.325 0.105 0.335 0.136 0.065 0.115
"1518" "F" 0.665 0.515 0.18 1.389 0.5945 0.324 0.395
"1713" "F" 0.645 0.51 0.16 1.2415 0.5815 0.276 0.315
"1025" "F" 0.645 0.5 0.155 1.2205 0.6145 0.236 0.3185
"1091" "M" 0.45 0.33 0.1 0.411 0.1945 0.1 0.098
"2397" "M" 0.625 0.465 0.155 0.972 0.404 0.1845 0.35
"41" "F" 0.45 0.335 0.105 0.425 0.1865 0.091 0.115
"4027" "M" 0.365 0.28 0.09 0.196 0.0865 0.036 0.0605
"2940" "F" 0.625 0.49 0.145 0.92 0.437 0.1735 0.28
"3197" "M" 0.325 0.245 0.075 0.1495 0.0605 0.033 0.045
"207" "M" 0.4 0.3 0.11 0.315 0.109 0.067 0.12
"1832" "M" 0.365 0.27 0.075 0.2215 0.095 0.0445 0.07
"2486" "M" 0.355 0.26 0.09 0.1925 0.077 0.038 0.065
"1225" "M" 0.345 0.255 0.095 0.1945 0.0925 0.037 0.055
"2648" "M" 0.5 0.39 0.125 0.583 0.294 0.132 0.1605
"3633" "M" 0.3 0.225 0.075 0.1345 0.057 0.028 0.044
"603" "F" 0.39 0.3 0.1 0.265 0.1075 0.06 0.0865
"655" "F" 0.37 0.28 0.11 0.2305 0.0945 0.0465 0.075
"1564" "M" 0.455 0.36 0.115 0.457 0.2085 0.0855 0.147
"1849" "M" 0.475 0.34 0.105 0.4535 0.203 0.08 0.1465
"2752" "F" 0.515 0.395 0.135 0.516 0.2015 0.132 0.162
"4072" "M" 0.485 0.375 0.11 0.464 0.2015 0.09 0.149
"2074" "F" 0.58 0.435 0.15 0.839 0.3485 0.207 0.192
"1686" "M" 0.62 0.45 0.135 0.924 0.358 0.2265 0.2965
"730" "F" 0.52 0.4 0.12 0.6515 0.261 0.2015 0.165
"835" "M" 0.445 0.325 0.1 0.378 0.1795 0.1 0.089
"2068" "F" 0.54 0.42 0.13 0.7505 0.368 0.1675 0.1845
"1453" "M" 0.47 0.345 0.14 0.4615 0.229 0.1105 0.116
"1226" "M" 0.345 0.255 0.085 0.2005 0.105 0.037 0.05
"415" "F" 0.605 0.495 0.17 1.2385 0.528 0.2465 0.39
"1443" "M" 0.41 0.32 0.095 0.2905 0.141 0.063 0.073
"824" "M" 0.385 0.29 0.095 0.312 0.143 0.0635 0.086
"3410" "M" 0.395 0.31 0.095 0.313 0.131 0.072 0.093
"2846" "F" 0.62 0.48 0.17 1.1045 0.535 0.25 0.287
"1748" "F" 0.7 0.535 0.175 1.773 0.6805 0.48 0.512
"3770" "F" 0.56 0.43 0.145 0.898 0.3895 0.2325 0.245
"534" "F" 0.435 0.335 0.11 0.38 0.1695 0.086 0.11
"2695" "F" 0.65 0.535 0.175 1.2895 0.6095 0.2765 0.344
"248" "M" 0.36 0.275 0.085 0.1975 0.0745 0.0415 0.07
"1267" "M" 0.46 0.35 0.105 0.3705 0.1575 0.077 0.114
"1409" "F" 0.66 0.495 0.21 1.548 0.724 0.3525 0.3925
"615" "M" 0.45 0.35 0.145 0.525 0.2085 0.1 0.1655
"1953" "M" 0.64 0.49 0.135 1.1 0.488 0.2505 0.2925
"23" "F" 0.565 0.44 0.155 0.9395 0.4275 0.214 0.27
"2373" "F" 0.405 0.325 0.11 0.3575 0.145 0.0725 0.11
"3766" "M" 0.535 0.45 0.135 0.728 0.2845 0.1845 0.265
"3607" "F" 0.51 0.375 0.11 0.5805 0.2865 0.118 0.148
"3707" "F" 0.675 0.535 0.185 1.5575 0.7035 0.402 0.4
"1563" "M" 0.45 0.335 0.11 0.4195 0.181 0.085 0.1345
"1879" "M" 0.545 0.425 0.14 0.8145 0.305 0.231 0.244
"1847" "M" 0.465 0.37 0.11 0.445 0.1635 0.096 0.166
"981" "F" 0.55 0.445 0.155 0.9905 0.544 0.178 0.218
"2587" "F" 0.555 0.425 0.14 0.963 0.44 0.224 0.24
"2831" "F" 0.525 0.43 0.135 0.8435 0.4325 0.18 0.1815
"1410" "F" 0.66 0.515 0.17 1.337 0.615 0.3125 0.3575
"1816" "F" 0.665 0.515 0.185 1.3405 0.5595 0.293 0.4375
"2313" "M" 0.315 0.24 0.07 0.137 0.0545 0.0315 0.04
"2384" "F" 0.525 0.39 0.135 0.6005 0.2265 0.131 0.21
"1465" "F" 0.505 0.38 0.135 0.6855 0.361 0.1565 0.161
"469" "F" 0.68 0.55 0.21 1.7445 0.5975 0.305 0.625
"3763" "M" 0.53 0.395 0.115 0.475 0.2025 0.101 0.148
"455" "F" 0.645 0.55 0.175 1.2915 0.57 0.3045 0.33
"3704" "F" 0.67 0.51 0.155 1.278 0.5605 0.3045 0.358
"3477" "M" 0.4 0.29 0.1 0.258 0.104 0.059 0.0815
"2790" "F" 0.62 0.465 0.14 1.1605 0.6005 0.2195 0.307
"3025" "M" 0.475 0.375 0.11 0.456 0.182 0.099 0.16
"281" "F" 0.535 0.415 0.185 0.8415 0.314 0.1585 0.3
"631" "M" 0.475 0.365 0.115 0.49 0.223 0.1235 0.1335
"2727" "M" 0.4 0.305 0.1 0.3415 0.176 0.0625 0.0865
"3297" "F" 0.605 0.485 0.165 1.0735 0.437 0.205 0.33
"4096" "F" 0.635 0.485 0.155 1.073 0.467 0.1975 0.35
"943" "M" 0.465 0.37 0.115 0.534 0.261 0.098 0.143
"2359" "F" 0.61 0.485 0.21 1.3445 0.535 0.2205 0.515
"3942" "F" 0.54 0.44 0.16 1.0905 0.391 0.2295 0.355
"3746" "M" 0.285 0.205 0.07 0.106 0.039 0.0285 0.034
"3010" "M" 0.255 0.185 0.065 0.074 0.0305 0.0165 0.02
"2869" "M" 0.335 0.26 0.09 0.1965 0.0875 0.041 0.056
"2624" "F" 0.705 0.56 0.205 2.381 0.9915 0.5005 0.624
"2248" "F" 0.47 0.365 0.12 0.543 0.2295 0.1495 0.15
"623" "F" 0.5 0.385 0.115 0.6785 0.2945 0.138 0.195
"3302" "F" 0.66 0.525 0.19 1.67 0.6525 0.4875 0.49
"2761" "M" 0.55 0.43 0.145 0.712 0.3025 0.152 0.225
"1544" "M" 0.365 0.27 0.085 0.2225 0.0935 0.0525 0.066
"467" "F" 0.67 0.55 0.19 1.3905 0.5425 0.3035 0.4
"2432" "F" 0.635 0.5 0.18 1.312 0.529 0.2485 0.485
"3330" "F" 0.545 0.435 0.15 0.6855 0.2905 0.145 0.225
"3937" "F" 0.475 0.4 0.115 0.541 0.186 0.1025 0.21
"1991" "M" 0.28 0.2 0.065 0.0895 0.036 0.0185 0.03
"3808" "F" 0.45 0.365 0.115 0.5885 0.318 0.121 0.1325
"2240" "F" 0.46 0.36 0.115 0.4755 0.2105 0.105 0.16
"3293" "F" 0.495 0.375 0.15 0.597 0.2615 0.135 0.178
"2035" "F" 0.625 0.515 0.18 1.3485 0.5255 0.252 0.3925
"3804" "M" 0.32 0.23 0.06 0.129 0.0615 0.0275 0.0355
"2766" "M" 0.555 0.435 0.145 0.6975 0.262 0.1575 0.24
"711" "M" 0.325 0.25 0.08 0.176 0.0595 0.0355 0.063
"2939" "F" 0.625 0.5 0.16 1.217 0.5725 0.207 0.355
"1010" "F" 0.615 0.48 0.16 1.2525 0.585 0.2595 0.33
"3128" "F" 0.62 0.485 0.155 1.1945 0.5105 0.271 0.352
"1913" "M" 0.58 0.44 0.145 0.7905 0.3525 0.1645 0.242
"2577" "M" 0.5 0.38 0.11 0.494 0.218 0.09 0.1325
"1179" "F" 0.65 0.5 0.19 1.464 0.6415 0.339 0.4245
"1627" "F" 0.57 0.45 0.135 0.7805 0.3345 0.185 0.21
"4093" "F" 0.625 0.49 0.19 1.7015 0.7465 0.4105 0.3855
"833" "M" 0.44 0.365 0.115 0.501 0.2435 0.084 0.1465
"769" "F" 0.55 0.43 0.155 0.785 0.289 0.227 0.233
"1584" "M" 0.51 0.395 0.13 0.6025 0.281 0.143 0.162
"2197" "M" 0.37 0.28 0.09 0.233 0.0905 0.0545 0.07
"3514" "F" 0.66 0.5 0.175 1.3275 0.556 0.2805 0.4085
"511" "M" 0.68 0.53 0.185 1.1095 0.439 0.245 0.34
"3435" "M" 0.37 0.28 0.09 0.2565 0.1255 0.0645 0.0645
"934" "M" 0.45 0.36 0.13 0.478 0.191 0.127 0.137
"3413" "M" 0.48 0.355 0.115 0.5785 0.25 0.106 0.184
"4021" "F" 0.68 0.55 0.175 1.473 0.713 0.282 0.4295
"1167" "F" 0.615 0.475 0.155 1.027 0.447 0.25 0.285
"4108" "M" 0.42 0.305 0.1 0.3415 0.1645 0.0775 0.086
"2982" "F" 0.505 0.38 0.13 0.693 0.391 0.1195 0.1515
"4039" "M" 0.55 0.445 0.125 0.672 0.288 0.1365 0.21
"4071" "M" 0.48 0.335 0.125 0.524 0.246 0.1095 0.145
"2041" "M" 0.32 0.255 0.085 0.1745 0.072 0.033 0.057
"14" "F" 0.535 0.405 0.145 0.6845 0.2725 0.171 0.205
"627" "F" 0.425 0.335 0.095 0.322 0.1205 0.061 0.125
"2795" "F" 0.63 0.475 0.155 1.0005 0.452 0.252 0.265
"2659" "M" 0.55 0.42 0.13 0.636 0.294 0.144 0.1755
"581" "F" 0.625 0.49 0.175 1.233 0.5565 0.247 0.365
"2385" "F" 0.44 0.345 0.105 0.4285 0.165 0.083 0.132
"4061" "M" 0.545 0.405 0.13 0.658 0.327 0.1445 0.174
"1246" "M" 0.385 0.28 0.09 0.228 0.1025 0.042 0.0655
"762" "F" 0.55 0.44 0.155 0.946 0.313 0.1825 0.335
"3587" "M" 0.63 0.465 0.15 1.0315 0.4265 0.24 0.325
"904" "M" 0.315 0.235 0.075 0.1485 0.0585 0.0375 0.0425
"1752" "F" 0.71 0.54 0.205 1.5805 0.802 0.287 0.435
"3024" "M" 0.47 0.375 0.125 0.5225 0.2265 0.104 0.162
"2919" "M" 0.6 0.445 0.135 0.9205 0.445 0.2035 0.253
"1848" "M" 0.47 0.375 0.12 0.487 0.196 0.099 0.135
"351" "F" 0.61 0.495 0.185 1.153 0.536 0.2905 0.245
"1075" "M" 0.41 0.3 0.1 0.282 0.1255 0.057 0.0875
"713" "M" 0.28 0.205 0.055 0.1135 0.045 0.0275 0.0335
"3709" "F" 0.675 0.53 0.195 1.4985 0.62 0.375 0.425
"860" "F" 0.595 0.48 0.16 1.2095 0.5225 0.296 0.32
"1905" "F" 0.575 0.465 0.175 1.099 0.4735 0.202 0.35
"2283" "F" 0.495 0.385 0.13 0.6905 0.3125 0.179 0.175
"3914" "M" 0.54 0.4 0.145 0.757 0.315 0.181 0.215
"2100" "F" 0.4 0.31 0.115 0.3465 0.1475 0.0695 0.115
"1573" "M" 0.48 0.37 0.125 0.474 0.179 0.1035 0.175
"1286" "M" 0.5 0.375 0.125 0.5695 0.259 0.124 0.157
"1257" "M" 0.425 0.31 0.09 0.301 0.1385 0.065 0.08
"3208" "M" 0.48 0.38 0.125 0.523 0.2105 0.1045 0.175
"2008" "M" 0.415 0.325 0.11 0.316 0.1385 0.0795 0.0925
"1061" "M" 0.265 0.195 0.055 0.084 0.0365 0.0175 0.025
"280" "F" 0.515 0.425 0.135 0.712 0.2665 0.1605 0.25
"3280" "F" 0.655 0.53 0.19 1.428 0.493 0.318 0.565
"1361" "M" 0.605 0.435 0.13 0.9025 0.432 0.174 0.26
"2379" "M" 0.415 0.325 0.115 0.3285 0.1405 0.051 0.106
"2897" "M" 0.545 0.43 0.13 0.7595 0.358 0.153 0.2055
"2233" "F" 0.56 0.445 0.18 0.903 0.3575 0.2045 0.295
"2271" "F" 0.6 0.475 0.18 1.162 0.511 0.2675 0.32
"1554" "M" 0.39 0.29 0.1 0.2225 0.095 0.0465 0.073
"2643" "M" 0.475 0.375 0.115 0.5205 0.233 0.119 0.1455
"3632" "M" 0.295 0.22 0.085 0.1285 0.0585 0.027 0.0365
"2047" "M" 0.415 0.305 0.12 0.336 0.165 0.076 0.0805
"1108" "M" 0.51 0.38 0.115 0.5155 0.215 0.1135 0.166
"2762" "M" 0.55 0.425 0.145 0.89 0.4325 0.171 0.236
"1466" "M" 0.515 0.395 0.125 0.556 0.2695 0.096 0.17
"4097" "F" 0.635 0.5 0.175 1.477 0.684 0.3005 0.39
"1325" "M" 0.565 0.44 0.175 0.8735 0.414 0.21 0.21
"1751" "F" 0.71 0.57 0.195 1.9805 0.9925 0.4925 0.48
"2741" "M" 0.455 0.34 0.115 0.486 0.261 0.0655 0.1315
"2725" "M" 0.385 0.285 0.085 0.244 0.1215 0.0445 0.068
"2253" "F" 0.57 0.46 0.17 1.1 0.4125 0.2205 0.38
"925" "M" 0.425 0.315 0.1 0.377 0.1645 0.072 0.105
"1295" "M" 0.52 0.395 0.125 0.663 0.3005 0.131 0.1905
"3931" "F" 0.67 0.535 0.185 1.597 0.6275 0.35 0.47
"692" "M" 0.255 0.19 0.075 0.0865 0.0345 0.0205 0.025
"3566" "F" 0.575 0.475 0.16 0.895 0.3605 0.221 0.271
"3510" "F" 0.645 0.52 0.175 1.3345 0.667 0.2665 0.355
"1447" "M" 0.44 0.34 0.105 0.369 0.164 0.08 0.1015
"2015" "M" 0.47 0.375 0.105 0.441 0.167 0.0865 0.145
"3086" "M" 0.255 0.185 0.06 0.0925 0.039 0.021 0.025
"3342" "F" 0.49 0.39 0.135 0.59 0.215 0.125 0.1845
"342" "F" 0.62 0.51 0.205 1.3475 0.4775 0.2565 0.48
"3591" "F" 0.65 0.52 0.195 1.6275 0.689 0.3905 0.432
"935" "M" 0.45 0.355 0.105 0.4445 0.197 0.093 0.1335
"4028" "M" 0.365 0.27 0.09 0.2155 0.1005 0.049 0.0655
"4078" "M" 0.55 0.435 0.125 0.741 0.348 0.1585 0.206
"2164" "F" 0.55 0.47 0.15 0.897 0.377 0.184 0.29
"2557" "M" 0.38 0.285 0.085 0.237 0.115 0.0405 0.07
"1087" "M" 0.445 0.335 0.11 0.411 0.1985 0.0935 0.109
"242" "M" 0.27 0.2 0.07 0.1 0.034 0.0245 0.035
"501" "F" 0.58 0.44 0.18 0.854 0.3665 0.1635 0.245
"3177" "F" 0.49 0.38 0.13 0.539 0.229 0.1355 0.165
"2894" "F" 0.535 0.445 0.125 0.8725 0.417 0.199 0.24
"1207" "F" 0.75 0.57 0.21 2.236 1.109 0.5195 0.545
"1688" "F" 0.62 0.48 0.175 1.0405 0.464 0.2225 0.3
"1648" "F" 0.585 0.445 0.14 0.913 0.4305 0.2205 0.253
"2814" "M" 0.255 0.195 0.055 0.0725 0.0285 0.017 0.021
"4055" "F" 0.635 0.5 0.18 1.2565 0.539 0.292 0.35
"923" "M" 0.42 0.315 0.1 0.3435 0.157 0.0795 0.09
"2856" "F" 0.655 0.515 0.155 1.309 0.524 0.346 0.385
"2013" "M" 0.46 0.35 0.11 0.4675 0.2125 0.099 0.1375
"3470" "F" 0.715 0.585 0.23 2.0725 0.8655 0.4095 0.565
"600" "F" 0.56 0.445 0.195 0.981 0.305 0.2245 0.335
"1437" "M" 0.395 0.295 0.09 0.3025 0.143 0.0665 0.0765
"3811" "M" 0.525 0.4 0.125 0.5655 0.2435 0.119 0.175
"457" "F" 0.64 0.54 0.175 1.221 0.51 0.259 0.39
"1237" "M" 0.375 0.275 0.09 0.218 0.093 0.0405 0.0755
"78" "F" 0.6 0.47 0.15 0.922 0.363 0.194 0.305
"1166" "F" 0.615 0.465 0.15 0.923 0.4615 0.1825 0.2415
"56" "F" 0.5 0.4 0.14 0.6615 0.2565 0.1755 0.22
"591" "M" 0.51 0.4 0.15 0.745 0.2865 0.1675 0.235
"2928" "F" 0.61 0.47 0.195 1.2735 0.469 0.3315 0.398
"1907" "M" 0.575 0.45 0.135 0.8245 0.3375 0.2115 0.239
"3067" "F" 0.64 0.5 0.15 1.2015 0.559 0.231 0.3355
"2962" "F" 0.665 0.51 0.175 1.3805 0.675 0.2985 0.325
"1156" "F" 0.6 0.465 0.15 1.1025 0.5455 0.262 0.25
"3215" "F" 0.57 0.495 0.16 1.0915 0.452 0.275 0.315
"2343" "M" 0.255 0.185 0.07 0.075 0.028 0.018 0.025
"3612" "F" 0.59 0.465 0.17 1.0425 0.4635 0.24 0.27
"926" "M" 0.43 0.325 0.1 0.3645 0.1575 0.0825 0.105
"993" "F" 0.58 0.46 0.18 1.0515 0.4095 0.2595 0.276
"842" "F" 0.495 0.41 0.125 0.7555 0.3355 0.129 0.214
"42" "F" 0.55 0.425 0.135 0.8515 0.362 0.196 0.27
"791" "F" 0.57 0.465 0.16 0.8935 0.3145 0.2575 0.263
"3805" "M" 0.355 0.27 0.1 0.2255 0.11 0.042 0.064
"918" "M" 0.41 0.31 0.09 0.339 0.155 0.0695 0.09
"2268" "F" 0.61 0.48 0.175 1.0675 0.391 0.216 0.42
"2105" "F" 0.49 0.385 0.125 0.5395 0.2175 0.128 0.165
"3334" "M" 0.45 0.36 0.125 0.45 0.191 0.0865 0.145
"1875" "M" 0.535 0.455 0.14 1.0015 0.53 0.1765 0.244
"2884" "M" 0.5 0.37 0.12 0.5445 0.249 0.1065 0.152
"2023" "F" 0.53 0.43 0.15 0.741 0.325 0.1855 0.196
"25" "F" 0.615 0.48 0.165 1.1615 0.513 0.301 0.305
"3538" "M" 0.43 0.325 0.105 0.309 0.119 0.08 0.098
"4001" "M" 0.455 0.35 0.135 0.5365 0.2855 0.0855 0.1325
"1373" "F" 0.615 0.475 0.165 1.023 0.4905 0.1955 0.3035
"2636" "M" 0.43 0.32 0.1 0.3465 0.1635 0.08 0.09
"3432" "M" 0.35 0.265 0.095 0.199 0.073 0.049 0.06
"3765" "M" 0.535 0.4 0.145 0.705 0.3065 0.1365 0.22
"3488" "M" 0.51 0.405 0.13 0.599 0.3065 0.1155 0.1485
"983" "F" 0.56 0.455 0.16 0.967 0.4525 0.207 0.274
"2946" "F" 0.635 0.485 0.19 1.3765 0.634 0.2885 0.406
"3227" "F" 0.42 0.32 0.13 0.4135 0.1645 0.106 0.119
"2723" "M" 0.375 0.275 0.095 0.2295 0.095 0.0545 0.066
"3950" "F" 0.525 0.415 0.15 0.7155 0.2355 0.171 0.27
"4159" "M" 0.48 0.355 0.11 0.4495 0.201 0.089 0.14
"3573" "F" 0.585 0.46 0.165 1.058 0.486 0.25 0.294
"1241" "M" 0.38 0.275 0.11 0.256 0.11 0.0535 0.0755
"3513" "F" 0.655 0.54 0.175 1.5585 0.7285 0.402 0.385
"3568" "M" 0.58 0.46 0.14 0.9265 0.4135 0.1845 0.27
"1551" "M" 0.385 0.3 0.09 0.308 0.1525 0.056 0.0835
"4137" "F" 0.615 0.495 0.155 1.0805 0.52 0.19 0.32
"2830" "M" 0.52 0.395 0.145 0.77 0.424 0.142 0.1895
"2910" "F" 0.58 0.45 0.15 0.92 0.393 0.212 0.2895
"1362" "F" 0.605 0.475 0.175 1.076 0.463 0.2195 0.335
"1219" "M" 0.315 0.23 0.07 0.1145 0.046 0.0235 0.0385
"879" "F" 0.635 0.485 0.165 1.2945 0.668 0.2605 0.2715
"4081" "M" 0.555 0.43 0.125 0.7005 0.3395 0.1355 0.2095
"1850" "M" 0.485 0.385 0.13 0.568 0.2505 0.178 0.154
"1616" "M" 0.55 0.425 0.15 0.7665 0.339 0.176 0.21
"3014" "M" 0.39 0.28 0.09 0.215 0.0845 0.034 0.079
"3641" "M" 0.445 0.345 0.12 0.4035 0.169 0.0825 0.13
"1929" "F" 0.615 0.495 0.16 1.255 0.5815 0.3195 0.3225
"1916" "F" 0.6 0.47 0.135 0.97 0.4655 0.1955 0.264
"2531" "F" 0.6 0.485 0.165 1.1405 0.587 0.2175 0.288
"1119" "M" 0.535 0.39 0.125 0.599 0.2595 0.149 0.169
"1556" "M" 0.41 0.3 0.09 0.28 0.141 0.0575 0.075
"1873" "M" 0.53 0.395 0.13 0.575 0.247 0.115 0.183
"718" "M" 0.25 0.19 0.06 0.0765 0.036 0.0115 0.0245
"319" "F" 0.58 0.455 0.155 0.8365 0.315 0.1385 0.32
"3448" "F" 0.505 0.39 0.12 0.5725 0.2555 0.1325 0.146
"3824" "F" 0.615 0.455 0.135 1.059 0.4735 0.263 0.274
"251" "M" 0.33 0.25 0.105 0.1715 0.0655 0.035 0.06
"2066" "F" 0.535 0.42 0.13 0.699 0.3125 0.1565 0.2035
"1830" "M" 0.365 0.27 0.085 0.197 0.0815 0.0325 0.065
"1631" "M" 0.57 0.445 0.155 0.867 0.3705 0.1705 0.28
"2819" "M" 0.36 0.27 0.09 0.232 0.12 0.0435 0.056
"1650" "M" 0.59 0.45 0.145 1.022 0.428 0.268 0.265
"834" "M" 0.445 0.335 0.1 0.4895 0.2745 0.086 0.1105
"2788" "F" 0.61 0.45 0.13 0.8725 0.389 0.1715 0.272
"3476" "M" 0.4 0.315 0.085 0.2675 0.116 0.0585 0.0765
"1233" "M" 0.37 0.29 0.09 0.2445 0.089 0.0655 0.075
"3085" "M" 0.23 0.17 0.05 0.057 0.026 0.013 0.016
"2229" "F" 0.505 0.39 0.175 0.692 0.267 0.15 0.215
"2556" "M" 0.37 0.29 0.08 0.2545 0.108 0.0565 0.07
"660" "F" 0.585 0.475 0.185 0.9585 0.4145 0.1615 0.33
"2420" "F" 0.465 0.36 0.12 0.4765 0.192 0.1125 0.16
"49" "M" 0.325 0.245 0.07 0.161 0.0755 0.0255 0.045
"3943" "F" 0.525 0.4 0.115 0.6295 0.2555 0.144 0.18
"962" "F" 0.505 0.39 0.13 0.674 0.3165 0.141 0.1785
"1795" "M" 0.575 0.45 0.13 0.8145 0.403 0.1715 0.213
"2080" "F" 0.62 0.49 0.16 1.056 0.493 0.244 0.2725
"3229" "M" 0.42 0.325 0.125 0.3915 0.1575 0.1025 0.115
"1919" "F" 0.6 0.465 0.16 1.133 0.466 0.2885 0.298
"4132" "M" 0.58 0.425 0.145 0.83 0.379 0.1605 0.2575
"1319" "M" 0.555 0.43 0.14 0.7665 0.341 0.165 0.23
"1602" "M" 0.54 0.43 0.17 0.836 0.3725 0.1815 0.24
"938" "M" 0.455 0.355 0.125 0.5325 0.225 0.126 0.1465
"1264" "F" 0.455 0.365 0.115 0.4305 0.184 0.108 0.1245
"3839" "M" 0.335 0.25 0.095 0.185 0.0795 0.0495 0.055
"1899" "F" 0.57 0.44 0.12 0.803 0.382 0.1525 0.234
"4153" "M" 0.37 0.28 0.09 0.218 0.0995 0.0545 0.0615
"3913" "M" 0.52 0.405 0.14 0.6765 0.2865 0.146 0.205
"2824" "M" 0.455 0.35 0.105 0.4445 0.213 0.107 0.1115
"317" "F" 0.635 0.535 0.19 1.242 0.576 0.2475 0.39
"2959" "F" 0.655 0.515 0.2 1.494 0.7255 0.309 0.405
"3350" "M" 0.47 0.375 0.105 0.468 0.1665 0.108 0.17
"1070" "M" 0.375 0.28 0.08 0.2345 0.1125 0.0455 0.067
"3537" "M" 0.425 0.325 0.11 0.405 0.1695 0.092 0.1065
"1089" "M" 0.45 0.34 0.12 0.4925 0.241 0.1075 0.12
"2895" "M" 0.54 0.425 0.13 0.8155 0.3675 0.1365 0.246
"3540" "M" 0.435 0.34 0.12 0.396 0.1775 0.081 0.125
"2549" "M" 0.275 0.195 0.07 0.0875 0.0345 0.022 0.0255
"2315" "F" 0.58 0.475 0.135 0.925 0.391 0.165 0.275
"2663" "F" 0.57 0.45 0.18 0.908 0.4015 0.217 0.255
"1230" "M" 0.365 0.27 0.085 0.1875 0.081 0.042 0.058
"2077" "F" 0.6 0.47 0.19 1.1345 0.492 0.2595 0.3375
"1336" "F" 0.575 0.48 0.165 1.078 0.511 0.2095 0.306
"3469" "F" 0.665 0.52 0.165 1.6885 0.7295 0.407 0.4265
"1076" "M" 0.41 0.325 0.1 0.3245 0.132 0.072 0.106
"2550" "M" 0.28 0.21 0.055 0.106 0.0415 0.0265 0.031
"3552" "M" 0.515 0.4 0.135 0.636 0.3055 0.1215 0.1855
"3441" "M" 0.465 0.37 0.1 0.5055 0.234 0.11 0.14
"4068" "M" 0.4 0.3 0.115 0.318 0.1335 0.0725 0.0935
"290" "F" 0.535 0.435 0.16 0.8105 0.3155 0.1795 0.24
"728" "F" 0.48 0.375 0.105 0.525 0.2185 0.1195 0.155
"3583" "F" 0.625 0.475 0.16 1.3335 0.605 0.2875 0.319
"1559" "M" 0.425 0.315 0.08 0.303 0.131 0.0585 0.095
"2733" "M" 0.41 0.325 0.11 0.326 0.1325 0.075 0.101
"847" "F" 0.54 0.42 0.14 0.805 0.369 0.1725 0.21
"2633" "M" 0.415 0.315 0.1 0.3645 0.1765 0.0795 0.095
"537" "M" 0.52 0.405 0.14 0.5775 0.2 0.145 0.179
"2866" "M" 0.315 0.235 0.075 0.1285 0.051 0.028 0.0405
"3909" "M" 0.455 0.365 0.135 0.441 0.1515 0.1165 0.145
"1473" "F" 0.545 0.41 0.14 0.7405 0.3565 0.1775 0.203
"3799" "F" 0.695 0.535 0.175 1.361 0.5465 0.2815 0.465
"987" "F" 0.57 0.455 0.15 1.107 0.54 0.255 0.27
"3411" "M" 0.415 0.31 0.105 0.3595 0.167 0.083 0.0915
"134" "M" 0.35 0.26 0.095 0.211 0.086 0.056 0.068
"1356" "F" 0.6 0.465 0.155 1.04 0.4755 0.25 0.28
"878" "F" 0.635 0.5 0.15 1.376 0.6495 0.361 0.31
"2902" "M" 0.56 0.43 0.13 0.728 0.3355 0.1435 0.2175
"2801" "F" 0.64 0.495 0.17 1.2265 0.49 0.377 0.2875
"490" "F" 0.57 0.455 0.165 1.0595 0.44 0.2195 0.285
"3033" "M" 0.535 0.42 0.145 0.6885 0.273 0.1515 0.237
"454" "F" 0.565 0.49 0.155 0.9245 0.405 0.2195 0.255
"3960" "F" 0.68 0.55 0.19 1.807 0.8225 0.3655 0.515
"1316" "M" 0.55 0.425 0.135 0.7305 0.3325 0.1545 0.215
"224" "F" 0.445 0.355 0.15 0.485 0.181 0.125 0.155
"427" "F" 0.61 0.485 0.165 1.0915 0.3935 0.2435 0.33
"2424" "F" 0.41 0.315 0.11 0.321 0.1255 0.0655 0.095
"3486" "M" 0.485 0.37 0.115 0.637 0.38 0.1335 0.128
"2215" "F" 0.43 0.325 0.12 0.445 0.165 0.0995 0.155
"127" "M" 0.375 0.275 0.09 0.238 0.1075 0.0545 0.07
"2069" "F" 0.545 0.43 0.16 0.844 0.3945 0.1855 0.231
"3650" "M" 0.515 0.405 0.13 0.573 0.213 0.134 0.195
"1533" "M" 0.285 0.21 0.055 0.101 0.0415 0.017 0.0335
"2651" "M" 0.51 0.395 0.155 0.5395 0.2465 0.1085 0.167
"2533" "F" 0.625 0.49 0.155 1.33 0.6675 0.259 0.33
"2398" "M" 0.635 0.505 0.19 1.3315 0.5805 0.252 0.435
"3637" "M" 0.39 0.29 0.09 0.2745 0.135 0.0455 0.078
"72" "F" 0.4 0.32 0.11 0.353 0.1405 0.0985 0.1
"3355" "F" 0.455 0.36 0.11 0.4385 0.206 0.098 0.125
"2278" "F" 0.6 0.475 0.18 1.1805 0.4345 0.2475 0.425
"349" "M" 0.375 0.305 0.115 0.2715 0.092 0.074 0.09
"1101" "M" 0.5 0.375 0.12 0.542 0.215 0.116 0.17
"2865" "M" 0.31 0.23 0.07 0.1245 0.0505 0.0265 0.038
"1852" "M" 0.485 0.37 0.115 0.457 0.1885 0.0965 0.15
"2554" "M" 0.315 0.235 0.07 0.149 0.058 0.0325 0.047
"3265" "F" 0.655 0.5 0.14 1.1705 0.5405 0.3175 0.285
"416" "F" 0.62 0.47 0.14 1.0325 0.3605 0.224 0.36
"3533" "M" 0.38 0.285 0.09 0.2305 0.1005 0.039 0.0775
"2536" "F" 0.64 0.5 0.18 1.4995 0.593 0.314 0.431
"2685" "F" 0.625 0.49 0.155 1.115 0.484 0.277 0.3095
"1555" "M" 0.41 0.3 0.09 0.304 0.129 0.071 0.0955
"2193" "F" 0.575 0.485 0.165 1.0405 0.419 0.264 0.3
"288" "F" 0.495 0.4 0.155 0.6445 0.242 0.1325 0.205
"3542" "M" 0.45 0.35 0.11 0.514 0.253 0.1045 0.14
"3923" "M" 0.525 0.4 0.14 0.6955 0.2405 0.16 0.253
"605" "M" 0.515 0.39 0.14 0.5555 0.2 0.1135 0.2235
"2654" "M" 0.52 0.395 0.135 0.633 0.2985 0.1295 0.175
"496" "F" 0.625 0.5 0.15 0.953 0.3445 0.2235 0.305
"2749" "M" 0.505 0.385 0.125 0.596 0.245 0.097 0.21
"1607" "M" 0.54 0.425 0.13 0.7205 0.2955 0.169 0.225
"2764" "M" 0.55 0.425 0.135 0.656 0.257 0.17 0.203
"1107" "M" 0.51 0.4 0.125 0.5575 0.2615 0.1195 0.1525
"2969" "F" 0.68 0.505 0.17 1.3435 0.657 0.297 0.355
"1715" "F" 0.645 0.51 0.19 1.363 0.573 0.362 0.36
"3529" "M" 0.35 0.265 0.085 0.1735 0.0775 0.034 0.056
"4083" "M" 0.565 0.465 0.15 1.1815 0.581 0.2215 0.3095
"2881" "M" 0.475 0.375 0.11 0.494 0.211 0.109 0.1545
"3673" "F" 0.595 0.44 0.135 0.964 0.5005 0.1715 0.2575
"1994" "M" 0.29 0.21 0.06 0.1195 0.056 0.0235 0.03
"1567" "M" 0.465 0.37 0.12 0.4365 0.188 0.0815 0.147
"1232" "M" 0.365 0.265 0.085 0.213 0.0945 0.049 0.06
"1436" "M" 0.385 0.3 0.09 0.247 0.1225 0.044 0.0675
"63" "F" 0.53 0.41 0.13 0.6965 0.302 0.1935 0.2
"2474" "F" 0.615 0.47 0.175 1.2985 0.5135 0.343 0.32
"1562" "M" 0.45 0.34 0.095 0.3245 0.1385 0.064 0.105
"2710" "F" 0.74 0.575 0.22 2.012 0.8915 0.5265 0.471
"1952" "F" 0.64 0.515 0.165 1.3115 0.4945 0.2555 0.41
"910" "M" 0.335 0.25 0.075 0.186 0.0945 0.038 0.0445
"693" "F" 0.43 0.325 0.115 0.3865 0.1475 0.1065 0.11
"1452" "M" 0.46 0.355 0.11 0.436 0.1975 0.096 0.125
"1513" "F" 0.65 0.5 0.16 1.3825 0.702 0.304 0.3195
"1388" "M" 0.63 0.475 0.145 1.0605 0.5165 0.2195 0.28
"2228" "M" 0.275 0.2 0.075 0.086 0.0305 0.019 0.03
"3116" "M" 0.44 0.34 0.12 0.4995 0.2965 0.0945 0.1185
"1550" "M" 0.385 0.28 0.095 0.257 0.119 0.059 0.07
"1589" "M" 0.515 0.39 0.125 0.5705 0.238 0.1265 0.185
"4162" "F" 0.585 0.455 0.17 0.9945 0.4255 0.263 0.2845
"2730" "M" 0.405 0.305 0.1 0.268 0.1145 0.053 0.085
"3299" "F" 0.62 0.5 0.175 1.146 0.477 0.23 0.39
"2254" "F" 0.645 0.5 0.2 1.4285 0.639 0.305 0.36
"2963" "M" 0.67 0.485 0.175 1.2565 0.5355 0.322 0.386
"4161" "F" 0.585 0.475 0.165 1.053 0.458 0.217 0.3
"1636" "M" 0.575 0.45 0.125 0.78 0.3275 0.188 0.235
"1476" "F" 0.56 0.43 0.15 0.8745 0.453 0.161 0.22
"3603" "M" 0.395 0.3 0.09 0.2855 0.1385 0.0625 0.077
"4136" "F" 0.6 0.5 0.17 1.13 0.4405 0.267 0.335
"421" "F" 0.67 0.54 0.165 1.5015 0.518 0.358 0.505
"3329" "M" 0.575 0.475 0.17 0.967 0.3775 0.284 0.275
"959" "M" 0.5 0.385 0.12 0.56 0.2835 0.103 0.135
"1086" "M" 0.445 0.34 0.145 0.434 0.1945 0.0905 0.13
"1216" "M" 0.305 0.215 0.065 0.1075 0.044 0.0205 0.038
"541" "F" 0.5 0.375 0.14 0.604 0.242 0.1415 0.179
"2806" "F" 0.66 0.525 0.2 1.463 0.6525 0.2995 0.422
"1863" "M" 0.52 0.41 0.11 0.5185 0.2165 0.0915 0.184
"2011" "M" 0.435 0.325 0.12 0.346 0.159 0.084 0.095
"1821" "F" 0.705 0.545 0.18 1.5395 0.6075 0.3675 0.4645
"497" "F" 0.64 0.52 0.175 1.248 0.4245 0.2595 0.48
"2370" "M" 0.56 0.44 0.17 0.9445 0.3545 0.2175 0.3
"1540" "M" 0.355 0.26 0.09 0.1985 0.0715 0.0495 0.058
"1294" "M" 0.52 0.4 0.13 0.5825 0.233 0.1365 0.18
"1613" "M" 0.55 0.425 0.15 0.639 0.269 0.1345 0.217
"3674" "F" 0.595 0.46 0.155 1.0455 0.4565 0.24 0.3085
"2770" "M" 0.565 0.43 0.15 0.8215 0.332 0.1685 0.29
"2661" "M" 0.555 0.425 0.13 0.648 0.2835 0.133 0.2105
"3209" "M" 0.32 0.25 0.08 0.1565 0.057 0.034 0.06
"1471" "M" 0.53 0.43 0.13 0.7045 0.346 0.1415 0.189
"1570" "M" 0.475 0.36 0.145 0.6325 0.2825 0.137 0.19
"3409" "M" 0.39 0.315 0.09 0.3095 0.147 0.05 0.09
"3125" "F" 0.575 0.45 0.135 0.8285 0.362 0.1655 0.236
"2660" "F" 0.55 0.44 0.135 0.8435 0.434 0.1995 0.185
"2562" "M" 0.44 0.345 0.115 0.545 0.269 0.111 0.1305
"3027" "M" 0.495 0.375 0.115 0.507 0.241 0.103 0.15
"1384" "F" 0.625 0.48 0.155 1.2035 0.5865 0.239 0.3185
"452" "F" 0.675 0.535 0.16 1.41 0.592 0.3175 0.42
"2610" "F" 0.63 0.495 0.2 1.4255 0.659 0.336 0.38
"3352" "F" 0.51 0.38 0.13 0.584 0.224 0.1355 0.185
"529" "F" 0.57 0.45 0.16 0.9715 0.3965 0.255 0.26
"2702" "F" 0.675 0.55 0.19 1.551 0.7105 0.3685 0.412
"413" "F" 0.58 0.46 0.12 0.9935 0.4625 0.2385 0.28
"672" "F" 0.5 0.38 0.155 0.655 0.2405 0.143 0.205
"3896" "F" 0.595 0.5 0.18 1.053 0.4405 0.192 0.39
"1031" "F" 0.645 0.515 0.15 1.212 0.515 0.2055 0.385
"4032" "M" 0.44 0.325 0.11 0.4965 0.258 0.1195 0.1075
"2302" "F" 0.52 0.425 0.15 0.813 0.385 0.2015 0.23
"2563" "M" 0.44 0.325 0.1 0.4165 0.185 0.0865 0.11
"920" "M" 0.41 0.31 0.09 0.3335 0.1635 0.061 0.091
"1252" "M" 0.405 0.285 0.09 0.2645 0.1265 0.0505 0.075
"2426" "M" 0.575 0.45 0.17 0.9315 0.358 0.2145 0.26
"1878" "M" 0.54 0.39 0.125 0.6255 0.2525 0.158 0.19
"453" "F" 0.665 0.555 0.195 1.4385 0.581 0.354 0.36
"703" "F" 0.445 0.33 0.105 0.4525 0.18 0.103 0.123
"1510" "F" 0.645 0.505 0.165 1.318 0.55 0.3015 0.335
"3478" "M" 0.4 0.3 0.11 0.2985 0.1375 0.071 0.075
"2024" "F" 0.53 0.405 0.13 0.6355 0.2635 0.1565 0.185
"3983" "M" 0.58 0.435 0.15 0.8915 0.363 0.1925 0.2515
"717" "M" 0.29 0.205 0.07 0.0975 0.036 0.019 0.035
"2680" "F" 0.615 0.47 0.155 1.084 0.5885 0.209 0.246
"2774" "F" 0.58 0.465 0.145 0.9865 0.47 0.2155 0.25
"2396" "M" 0.61 0.475 0.17 1.0385 0.4435 0.241 0.32
"3110" "M" 0.38 0.29 0.085 0.2285 0.088 0.0465 0.075
"3256" "M" 0.3 0.23 0.075 0.15 0.0605 0.042 0.045
"2905" "M" 0.575 0.455 0.16 0.9895 0.495 0.195 0.246
"3202" "F" 0.385 0.3 0.1 0.2725 0.1115 0.057 0.08
"2606" "F" 0.62 0.475 0.16 1.3245 0.6865 0.233 0.3275
"3665" "M" 0.555 0.43 0.15 0.783 0.345 0.1755 0.247
"570" "F" 0.41 0.32 0.115 0.387 0.165 0.1005 0.0985
"3021" "M" 0.45 0.34 0.125 0.4045 0.171 0.07 0.1345
"1024" "F" 0.64 0.5 0.175 1.394 0.4935 0.291 0.4
"3546" "M" 0.475 0.36 0.135 0.4355 0.196 0.0925 0.125
"2813" "M" 0.24 0.17 0.05 0.0545 0.0205 0.016 0.0155
"1561" "M" 0.435 0.325 0.11 0.367 0.1595 0.08 0.105
"2039" "M" 0.28 0.215 0.08 0.132 0.072 0.022 0.033
"2354" "F" 0.72 0.56 0.175 1.7265 0.637 0.3415 0.525
"3195" "F" 0.61 0.47 0.16 1.017 0.426 0.2255 0.32
"2433" "F" 0.61 0.485 0.165 1.087 0.4255 0.232 0.38
"3758" "M" 0.52 0.41 0.14 0.699 0.3395 0.129 0.1945
"141" "F" 0.565 0.445 0.155 0.826 0.341 0.2055 0.2475
"1185" "M" 0.665 0.5 0.17 1.2975 0.6035 0.291 0.3595
"2487" "F" 0.49 0.4 0.145 0.6635 0.21 0.1295 0.2515
"1732" "F" 0.665 0.505 0.16 1.2915 0.631 0.2925 0.32
"807" "M" 0.28 0.205 0.07 0.1015 0.041 0.03 0.03
"1600" "M" 0.53 0.42 0.13 0.8365 0.3745 0.167 0.249
"1383" "F" 0.625 0.515 0.16 1.264 0.5715 0.326 0.321
"3984" "F" 0.585 0.45 0.125 0.874 0.3545 0.2075 0.225
"3925" "F" 0.5 0.4 0.165 0.7105 0.27 0.1455 0.225
"1234" "M" 0.37 0.28 0.085 0.217 0.1095 0.035 0.062
"945" "F" 0.465 0.35 0.125 0.482 0.23 0.106 0.1095
"632" "F" 0.43 0.34 0.12 0.391 0.1555 0.095 0.1405
"2677" "F" 0.605 0.48 0.15 1.079 0.4505 0.2835 0.293
"2458" "M" 0.25 0.185 0.065 0.071 0.027 0.0185 0.0225
"744" "F" 0.52 0.405 0.14 0.8175 0.2795 0.183 0.26
"4049" "F" 0.625 0.495 0.16 1.234 0.6335 0.192 0.35
"1963" "F" 0.655 0.525 0.175 1.348 0.5855 0.2605 0.394
"1568" "M" 0.465 0.345 0.11 0.393 0.1825 0.0735 0.12
"1457" "M" 0.475 0.365 0.115 0.459 0.2175 0.093 0.1165
"3049" "M" 0.59 0.47 0.145 0.974 0.453 0.236 0.289
"1058" "M" 0.225 0.165 0.055 0.059 0.027 0.0125 0.015
"2775" "F" 0.58 0.425 0.15 0.844 0.3645 0.185 0.2705
"817" "M" 0.335 0.25 0.08 0.183 0.0735 0.04 0.0575
"1515" "F" 0.655 0.54 0.215 1.5555 0.695 0.296 0.444
"792" "F" 0.485 0.375 0.135 0.556 0.1925 0.1315 0.1685
"3015" "M" 0.395 0.3 0.09 0.253 0.1155 0.05 0.075
"2288" "F" 0.385 0.305 0.105 0.3315 0.1365 0.0745 0.1
"3419" "F" 0.58 0.48 0.18 1.2495 0.4945 0.27 0.371
"3668" "F" 0.585 0.42 0.155 1.034 0.437 0.2225 0.32
"3771" "M" 0.565 0.43 0.125 0.6545 0.2815 0.139 0.21
"2822" "M" 0.39 0.29 0.09 0.2625 0.117 0.054 0.077
"2645" "M" 0.49 0.375 0.125 0.5445 0.279 0.115 0.13
"3620" "F" 0.64 0.5 0.17 1.12 0.4955 0.2645 0.32
"5" "M" 0.33 0.255 0.08 0.205 0.0895 0.0395 0.055
"3310" "M" 0.485 0.355 0.12 0.5085 0.21 0.122 0.135
"2597" "F" 0.6 0.46 0.145 0.9325 0.3985 0.2245 0.248
"851" "F" 0.55 0.45 0.15 0.875 0.362 0.1755 0.2765
"1138" "F" 0.575 0.45 0.16 1.068 0.556 0.214 0.2575
"2835" "F" 0.57 0.425 0.13 0.782 0.3695 0.1745 0.1965
"1659" "M" 0.6 0.48 0.17 0.9175 0.38 0.2225 0.29
"260" "F" 0.59 0.475 0.16 1.1015 0.4775 0.2555 0.295
"1104" "F" 0.505 0.39 0.125 0.5445 0.246 0.15 0.1405
"2410" "F" 0.64 0.5 0.15 1.0705 0.371 0.2705 0.36
"579" "M" 0.58 0.445 0.15 0.8865 0.383 0.209 0.255
"1617" "M" 0.555 0.395 0.13 0.5585 0.222 0.1245 0.17
"1161" "F" 0.605 0.475 0.165 1.056 0.433 0.2195 0.357
"3646" "M" 0.475 0.335 0.1 0.4425 0.1895 0.086 0.135
"1836" "M" 0.41 0.335 0.105 0.3305 0.1405 0.064 0.105
"1084" "M" 0.44 0.33 0.11 0.3705 0.1545 0.084 0.12
"1348" "M" 0.59 0.445 0.135 0.7715 0.328 0.1745 0.23
"532" "F" 0.46 0.355 0.13 0.458 0.192 0.1055 0.13
"249" "M" 0.305 0.245 0.075 0.156 0.0675 0.038 0.045
"947" "F" 0.47 0.365 0.12 0.582 0.29 0.092 0.146
"1272" "M" 0.47 0.355 0.12 0.393 0.167 0.0885 0.115
"3064" "F" 0.635 0.49 0.155 1.145 0.4775 0.3035 0.3155
"4155" "M" 0.435 0.33 0.095 0.393 0.219 0.075 0.0885
"3920" "M" 0.565 0.43 0.135 0.8545 0.321 0.1775 0.275
"2016" "M" 0.475 0.365 0.12 0.5185 0.268 0.1095 0.1365
"2504" "M" 0.3 0.23 0.075 0.127 0.052 0.03 0.0345
"1407" "F" 0.655 0.52 0.19 1.4545 0.6 0.3865 0.383
"1083" "M" 0.435 0.345 0.115 0.418 0.222 0.0735 0.106
"3966" "M" 0.295 0.22 0.07 0.1365 0.0575 0.0295 0.035
"1829" "M" 0.35 0.265 0.08 0.2 0.09 0.042 0.06
"1538" "M" 0.35 0.26 0.075 0.18 0.09 0.0245 0.055
"578" "F" 0.585 0.435 0.175 0.982 0.4055 0.2495 0.27
"1508" "F" 0.645 0.515 0.175 1.546 0.7035 0.365 0.415
"1124" "F" 0.55 0.415 0.135 0.8145 0.427 0.1855 0.175
"2566" "M" 0.45 0.35 0.12 0.468 0.2005 0.1065 0.1325
"1758" "F" 0.73 0.56 0.19 1.9425 0.799 0.5195 0.5655
"3555" "M" 0.53 0.42 0.13 0.658 0.296 0.1245 0.198
"2854" "F" 0.645 0.49 0.16 1.144 0.5015 0.289 0.319
"3756" "M" 0.51 0.395 0.105 0.5525 0.234 0.127 0.165
"4041" "F" 0.575 0.45 0.12 0.9585 0.447 0.169 0.275
"1586" "M" 0.515 0.36 0.125 0.4725 0.1815 0.125 0.138
"1842" "M" 0.435 0.335 0.1 0.3245 0.135 0.0785 0.098
"1455" "M" 0.47 0.355 0.12 0.3685 0.126 0.0835 0.1365
"780" "F" 0.47 0.36 0.145 0.537 0.1725 0.1375 0.195
"3212" "F" 0.6 0.48 0.165 1.1345 0.4535 0.27 0.335
"587" "M" 0.52 0.425 0.17 0.6805 0.28 0.174 0.195
"1682" "F" 0.62 0.54 0.165 1.139 0.4995 0.2435 0.357
"3228" "F" 0.45 0.35 0.135 0.56 0.231 0.137 0.145
"2658" "F" 0.545 0.4 0.14 0.778 0.368 0.215 0.18
"3466" "F" 0.64 0.48 0.195 1.1435 0.4915 0.2345 0.353
"1926" "F" 0.61 0.47 0.165 1.1785 0.566 0.2785 0.294
"3313" "F" 0.505 0.41 0.15 0.6345 0.243 0.1335 0.215
"912" "M" 0.34 0.25 0.07 0.2225 0.104 0.0425 0.055
"1426" "F" 0.735 0.565 0.205 2.1275 0.949 0.46 0.565
"992" "F" 0.58 0.46 0.15 1.1155 0.5575 0.2255 0.29
"2456" "M" 0.235 0.17 0.065 0.0625 0.023 0.014 0.022
"3855" "F" 0.485 0.4 0.155 0.731 0.236 0.183 0.255
"2632" "M" 0.375 0.29 0.1 0.219 0.0925 0.038 0.075
"939" "M" 0.455 0.375 0.12 0.497 0.2355 0.1055 0.1295
"1557" "M" 0.415 0.325 0.1 0.313 0.139 0.0625 0.0965
"3112" "M" 0.41 0.325 0.105 0.361 0.1605 0.0665 0.103
"297" "M" 0.275 0.205 0.075 0.1105 0.045 0.0285 0.035
"1273" "M" 0.475 0.355 0.1 0.5035 0.2535 0.091 0.14
"1591" "M" 0.52 0.39 0.13 0.5545 0.2355 0.1095 0.1895
"3020" "M" 0.45 0.33 0.115 0.365 0.14 0.0825 0.1245
"183" "F" 0.56 0.45 0.16 1.0235 0.429 0.268 0.3
"3910" "F" 0.455 0.375 0.125 0.458 0.1985 0.111 0.12
"1539" "M" 0.355 0.27 0.075 0.1775 0.079 0.0315 0.054
"2524" "F" 0.565 0.44 0.15 0.983 0.4475 0.2355 0.2485
"864" "F" 0.6 0.475 0.155 1.21 0.653 0.1695 0.3205
"2871" "M" 0.37 0.27 0.09 0.1855 0.07 0.0425 0.065
"2308" "F" 0.465 0.375 0.135 0.6 0.2225 0.129 0.23
"2903" "M" 0.56 0.435 0.13 0.777 0.354 0.173 0.222
"1925" "F" 0.61 0.46 0.155 0.957 0.4255 0.1975 0.265
"1170" "F" 0.62 0.48 0.16 1.1125 0.5635 0.2445 0.281
"1142" "M" 0.575 0.435 0.13 0.805 0.3155 0.2155 0.245
"2909" "F" 0.58 0.45 0.17 0.9705 0.4615 0.232 0.248
"4031" "M" 0.435 0.325 0.1 0.366 0.174 0.0725 0.109
"1491" "F" 0.605 0.485 0.16 1.201 0.417 0.2875 0.38
"1870" "M" 0.525 0.4 0.145 0.6095 0.248 0.159 0.175
"3635" "M" 0.36 0.265 0.085 0.1895 0.0725 0.0515 0.055
"1306" "F" 0.54 0.42 0.145 0.8655 0.4315 0.163 0.2175
"1743" "F" 0.68 0.51 0.2 1.6075 0.714 0.339 0.4705
"3899" "F" 0.565 0.46 0.15 0.8765 0.3455 0.1925 0.275
"1683" "M" 0.62 0.49 0.16 1.066 0.446 0.246 0.305
"4112" "M" 0.515 0.4 0.14 0.7165 0.3495 0.1595 0.1785
"4154" "M" 0.43 0.315 0.115 0.384 0.1885 0.0715 0.11
"2040" "M" 0.285 0.215 0.07 0.1075 0.051 0.0225 0.027
"3672" "M" 0.595 0.47 0.135 0.9365 0.434 0.184 0.287
"2448" "M" 0.275 0.205 0.08 0.096 0.036 0.0185 0.03
"2101" "M" 0.37 0.29 0.1 0.25 0.1025 0.0505 0.085
"3097" "F" 0.53 0.395 0.115 0.5685 0.249 0.1375 0.161
